x[0] 		x[1] 		x[2] 		Norma
1.000000 	1.000000 	1.000000
0.500000 	0.000799 	-0.523639 	1.214826
0.500000 	0.000797 	-0.523579 	0.007925
0.500000 	0.000795 	-0.523579 	0.000212
0.500000 	0.000793 	-0.523579 	0.000212
0.500000 	0.000791 	-0.523579 	0.000212
0.500000 	0.000790 	-0.523579 	0.000212
0.500000 	0.000788 	-0.523579 	0.000212
0.500000 	0.000786 	-0.523579 	0.000212
0.500000 	0.000784 	-0.523579 	0.000211
0.500000 	0.000782 	-0.523579 	0.000211
0.500000 	0.000781 	-0.523579 	0.000211
0.500000 	0.000779 	-0.523579 	0.000211
0.500000 	0.000777 	-0.523579 	0.000211
0.500000 	0.000775 	-0.523579 	0.000211
0.500000 	0.000773 	-0.523579 	0.000211
0.500000 	0.000772 	-0.523579 	0.000210
0.500000 	0.000770 	-0.523579 	0.000210
0.500000 	0.000768 	-0.523579 	0.000210
0.500000 	0.000766 	-0.523580 	0.000210
0.500000 	0.000765 	-0.523580 	0.000210
0.500000 	0.000763 	-0.523580 	0.000210
0.500000 	0.000761 	-0.523580 	0.000209
0.500000 	0.000759 	-0.523580 	0.000209
0.500000 	0.000757 	-0.523580 	0.000209
0.500000 	0.000756 	-0.523580 	0.000209
0.500000 	0.000754 	-0.523580 	0.000209
0.500000 	0.000752 	-0.523580 	0.000209
0.500000 	0.000750 	-0.523580 	0.000209
0.500000 	0.000749 	-0.523580 	0.000208
0.500000 	0.000747 	-0.523580 	0.000208
0.500000 	0.000745 	-0.523580 	0.000208
0.500000 	0.000743 	-0.523580 	0.000208
0.500000 	0.000742 	-0.523580 	0.000208
0.500000 	0.000740 	-0.523580 	0.000208
0.500000 	0.000738 	-0.523580 	0.000207
0.500000 	0.000736 	-0.523580 	0.000207
0.500000 	0.000735 	-0.523580 	0.000207
0.500000 	0.000733 	-0.523580 	0.000207
0.500000 	0.000731 	-0.523580 	0.000207
0.500000 	0.000730 	-0.523580 	0.000207
0.500000 	0.000728 	-0.523580 	0.000207
0.500000 	0.000726 	-0.523581 	0.000206
0.500000 	0.000724 	-0.523581 	0.000206
0.500000 	0.000723 	-0.523581 	0.000206
0.500000 	0.000721 	-0.523581 	0.000206
0.500000 	0.000719 	-0.523581 	0.000206
0.500000 	0.000718 	-0.523581 	0.000206
0.500000 	0.000716 	-0.523581 	0.000205
0.500000 	0.000714 	-0.523581 	0.000205
0.500000 	0.000713 	-0.523581 	0.000205
0.500000 	0.000711 	-0.523581 	0.000205
0.500000 	0.000709 	-0.523581 	0.000205
0.500000 	0.000708 	-0.523581 	0.000205
0.500000 	0.000706 	-0.523581 	0.000205
0.500000 	0.000704 	-0.523581 	0.000204
0.500000 	0.000702 	-0.523581 	0.000204
0.500000 	0.000701 	-0.523581 	0.000204
0.500000 	0.000699 	-0.523581 	0.000204
0.500000 	0.000697 	-0.523581 	0.000204
0.500000 	0.000696 	-0.523581 	0.000204
0.500000 	0.000694 	-0.523581 	0.000203
0.500000 	0.000693 	-0.523581 	0.000203
0.500000 	0.000691 	-0.523581 	0.000203
0.500000 	0.000689 	-0.523581 	0.000203
0.500000 	0.000688 	-0.523582 	0.000203
0.500000 	0.000686 	-0.523582 	0.000203
0.500000 	0.000684 	-0.523582 	0.000202
0.500000 	0.000683 	-0.523582 	0.000202
0.500000 	0.000681 	-0.523582 	0.000202
0.500000 	0.000679 	-0.523582 	0.000202
0.500000 	0.000678 	-0.523582 	0.000202
0.500000 	0.000676 	-0.523582 	0.000202
0.500000 	0.000674 	-0.523582 	0.000201
0.500000 	0.000673 	-0.523582 	0.000201
0.500000 	0.000671 	-0.523582 	0.000201
0.500000 	0.000670 	-0.523582 	0.000201
0.500000 	0.000668 	-0.523582 	0.000201
0.500000 	0.000666 	-0.523582 	0.000201
0.500000 	0.000665 	-0.523582 	0.000200
0.500000 	0.000663 	-0.523582 	0.000200
0.500000 	0.000662 	-0.523582 	0.000200
0.500000 	0.000660 	-0.523582 	0.000200
0.500000 	0.000658 	-0.523582 	0.000200
0.500000 	0.000657 	-0.523582 	0.000200
0.500000 	0.000655 	-0.523582 	0.000199
0.500000 	0.000654 	-0.523582 	0.000199
0.500000 	0.000652 	-0.523582 	0.000199
0.500000 	0.000650 	-0.523582 	0.000199
0.500000 	0.000649 	-0.523582 	0.000199
0.500000 	0.000647 	-0.523583 	0.000199
0.500000 	0.000646 	-0.523583 	0.000198
0.500000 	0.000644 	-0.523583 	0.000198
0.500000 	0.000643 	-0.523583 	0.000198
0.500000 	0.000641 	-0.523583 	0.000198
0.500000 	0.000639 	-0.523583 	0.000198
0.500000 	0.000638 	-0.523583 	0.000198
0.500000 	0.000636 	-0.523583 	0.000197
0.500000 	0.000635 	-0.523583 	0.000197
0.500000 	0.000633 	-0.523583 	0.000197
0.500000 	0.000632 	-0.523583 	0.000197
0.500000 	0.000630 	-0.523583 	0.000197
0.500000 	0.000629 	-0.523583 	0.000197
0.500000 	0.000627 	-0.523583 	0.000196
0.500000 	0.000626 	-0.523583 	0.000196
0.500000 	0.000624 	-0.523583 	0.000196
0.500000 	0.000622 	-0.523583 	0.000196
0.500000 	0.000621 	-0.523583 	0.000196
0.500000 	0.000619 	-0.523583 	0.000196
0.500000 	0.000618 	-0.523583 	0.000195
0.500000 	0.000616 	-0.523583 	0.000195
0.500000 	0.000615 	-0.523583 	0.000195
0.500000 	0.000613 	-0.523583 	0.000195
0.500000 	0.000612 	-0.523583 	0.000195
0.500000 	0.000610 	-0.523583 	0.000195
0.500000 	0.000609 	-0.523583 	0.000194
0.500000 	0.000607 	-0.523584 	0.000194
0.500000 	0.000606 	-0.523584 	0.000194
0.500000 	0.000604 	-0.523584 	0.000194
0.500000 	0.000603 	-0.523584 	0.000194
0.500000 	0.000601 	-0.523584 	0.000194
0.500000 	0.000600 	-0.523584 	0.000193
0.500000 	0.000598 	-0.523584 	0.000193
0.500000 	0.000597 	-0.523584 	0.000193
0.500000 	0.000595 	-0.523584 	0.000193
0.500000 	0.000594 	-0.523584 	0.000193
0.500000 	0.000592 	-0.523584 	0.000192
0.500000 	0.000591 	-0.523584 	0.000192
0.500000 	0.000590 	-0.523584 	0.000192
0.500000 	0.000588 	-0.523584 	0.000192
0.500000 	0.000587 	-0.523584 	0.000192
0.500000 	0.000585 	-0.523584 	0.000192
0.500000 	0.000584 	-0.523584 	0.000191
0.500000 	0.000582 	-0.523584 	0.000191
0.500000 	0.000581 	-0.523584 	0.000191
0.500000 	0.000579 	-0.523584 	0.000191
0.500000 	0.000578 	-0.523584 	0.000191
0.500000 	0.000576 	-0.523584 	0.000191
0.500000 	0.000575 	-0.523584 	0.000190
0.500000 	0.000574 	-0.523584 	0.000190
0.500000 	0.000572 	-0.523584 	0.000190
0.500000 	0.000571 	-0.523584 	0.000190
0.500000 	0.000569 	-0.523584 	0.000190
0.500000 	0.000568 	-0.523585 	0.000190
0.500000 	0.000566 	-0.523585 	0.000189
0.500000 	0.000565 	-0.523585 	0.000189
0.500000 	0.000564 	-0.523585 	0.000189
0.500000 	0.000562 	-0.523585 	0.000189
0.500000 	0.000561 	-0.523585 	0.000189
0.500000 	0.000559 	-0.523585 	0.000188
0.500000 	0.000558 	-0.523585 	0.000188
0.500000 	0.000557 	-0.523585 	0.000188
0.500000 	0.000555 	-0.523585 	0.000188
0.500000 	0.000554 	-0.523585 	0.000188
0.500000 	0.000552 	-0.523585 	0.000188
0.500000 	0.000551 	-0.523585 	0.000187
0.500000 	0.000550 	-0.523585 	0.000187
0.500000 	0.000548 	-0.523585 	0.000187
0.500000 	0.000547 	-0.523585 	0.000187
0.500000 	0.000545 	-0.523585 	0.000187
0.500000 	0.000544 	-0.523585 	0.000187
0.500000 	0.000543 	-0.523585 	0.000186
0.500000 	0.000541 	-0.523585 	0.000186
0.500000 	0.000540 	-0.523585 	0.000186
0.500000 	0.000539 	-0.523585 	0.000186
0.500000 	0.000537 	-0.523585 	0.000186
0.500000 	0.000536 	-0.523585 	0.000185
0.500000 	0.000534 	-0.523585 	0.000185
0.500000 	0.000533 	-0.523585 	0.000185
0.500000 	0.000532 	-0.523585 	0.000185
0.500000 	0.000530 	-0.523585 	0.000185
0.500000 	0.000529 	-0.523585 	0.000185
0.500000 	0.000528 	-0.523586 	0.000184
0.500000 	0.000526 	-0.523586 	0.000184
0.500000 	0.000525 	-0.523586 	0.000184
0.500000 	0.000524 	-0.523586 	0.000184
0.500000 	0.000522 	-0.523586 	0.000184
0.500000 	0.000521 	-0.523586 	0.000183
0.500000 	0.000520 	-0.523586 	0.000183
0.500000 	0.000518 	-0.523586 	0.000183
0.500000 	0.000517 	-0.523586 	0.000183
0.500000 	0.000516 	-0.523586 	0.000183
0.500000 	0.000514 	-0.523586 	0.000183
0.500000 	0.000513 	-0.523586 	0.000182
0.500000 	0.000512 	-0.523586 	0.000182
0.500000 	0.000510 	-0.523586 	0.000182
0.500000 	0.000509 	-0.523586 	0.000182
0.500000 	0.000508 	-0.523586 	0.000182
0.500000 	0.000507 	-0.523586 	0.000182
0.500000 	0.000505 	-0.523586 	0.000181
0.500000 	0.000504 	-0.523586 	0.000181
0.500000 	0.000503 	-0.523586 	0.000181
0.500000 	0.000501 	-0.523586 	0.000181
0.500000 	0.000500 	-0.523586 	0.000181
0.500000 	0.000499 	-0.523586 	0.000180
0.500000 	0.000498 	-0.523586 	0.000180
0.500000 	0.000496 	-0.523586 	0.000180
0.500000 	0.000495 	-0.523586 	0.000180
0.500000 	0.000494 	-0.523586 	0.000180
0.500000 	0.000492 	-0.523586 	0.000180
0.500000 	0.000491 	-0.523586 	0.000179
0.500000 	0.000490 	-0.523586 	0.000179
0.500000 	0.000489 	-0.523586 	0.000179
0.500000 	0.000487 	-0.523587 	0.000179
0.500000 	0.000486 	-0.523587 	0.000179
0.500000 	0.000485 	-0.523587 	0.000178
0.500000 	0.000484 	-0.523587 	0.000178
0.500000 	0.000482 	-0.523587 	0.000178
0.500000 	0.000481 	-0.523587 	0.000178
0.500000 	0.000480 	-0.523587 	0.000178
0.500000 	0.000479 	-0.523587 	0.000178
0.500000 	0.000477 	-0.523587 	0.000177
0.500000 	0.000476 	-0.523587 	0.000177
0.500000 	0.000475 	-0.523587 	0.000177
0.500000 	0.000474 	-0.523587 	0.000177
0.500000 	0.000472 	-0.523587 	0.000177
0.500000 	0.000471 	-0.523587 	0.000176
0.500000 	0.000470 	-0.523587 	0.000176
0.500000 	0.000469 	-0.523587 	0.000176
0.500000 	0.000468 	-0.523587 	0.000176
0.500000 	0.000466 	-0.523587 	0.000176
0.500000 	0.000465 	-0.523587 	0.000176
0.500000 	0.000464 	-0.523587 	0.000175
0.500000 	0.000463 	-0.523587 	0.000175
0.500000 	0.000461 	-0.523587 	0.000175
0.500000 	0.000460 	-0.523587 	0.000175
0.500000 	0.000459 	-0.523587 	0.000175
0.500000 	0.000458 	-0.523587 	0.000174
0.500000 	0.000457 	-0.523587 	0.000174
0.500000 	0.000455 	-0.523587 	0.000174
0.500000 	0.000454 	-0.523587 	0.000174
0.500000 	0.000453 	-0.523587 	0.000174
0.500000 	0.000452 	-0.523587 	0.000174
0.500000 	0.000451 	-0.523587 	0.000173
0.500000 	0.000450 	-0.523587 	0.000173
0.500000 	0.000448 	-0.523588 	0.000173
0.500000 	0.000447 	-0.523588 	0.000173
0.500000 	0.000446 	-0.523588 	0.000173
0.500000 	0.000445 	-0.523588 	0.000172
0.500000 	0.000444 	-0.523588 	0.000172
0.500000 	0.000443 	-0.523588 	0.000172
0.500000 	0.000441 	-0.523588 	0.000172
0.500000 	0.000440 	-0.523588 	0.000172
0.500000 	0.000439 	-0.523588 	0.000172
0.500000 	0.000438 	-0.523588 	0.000171
0.500000 	0.000437 	-0.523588 	0.000171
0.500000 	0.000436 	-0.523588 	0.000171
0.500000 	0.000434 	-0.523588 	0.000171
0.500000 	0.000433 	-0.523588 	0.000171
0.500000 	0.000432 	-0.523588 	0.000170
0.500000 	0.000431 	-0.523588 	0.000170
0.500000 	0.000430 	-0.523588 	0.000170
0.500000 	0.000429 	-0.523588 	0.000170
0.500000 	0.000428 	-0.523588 	0.000170
0.500000 	0.000427 	-0.523588 	0.000170
0.500000 	0.000425 	-0.523588 	0.000169
0.500000 	0.000424 	-0.523588 	0.000169
0.500000 	0.000423 	-0.523588 	0.000169
0.500000 	0.000422 	-0.523588 	0.000169
0.500000 	0.000421 	-0.523588 	0.000169
0.500000 	0.000420 	-0.523588 	0.000168
0.500000 	0.000419 	-0.523588 	0.000168
0.500000 	0.000418 	-0.523588 	0.000168
0.500000 	0.000416 	-0.523588 	0.000168
0.500000 	0.000415 	-0.523588 	0.000168
0.500000 	0.000414 	-0.523588 	0.000168
0.500000 	0.000413 	-0.523588 	0.000167
0.500000 	0.000412 	-0.523588 	0.000167
0.500000 	0.000411 	-0.523588 	0.000167
0.500000 	0.000410 	-0.523588 	0.000167
0.500000 	0.000409 	-0.523589 	0.000167
0.500000 	0.000408 	-0.523589 	0.000166
0.500000 	0.000407 	-0.523589 	0.000166
0.500000 	0.000406 	-0.523589 	0.000166
0.500000 	0.000404 	-0.523589 	0.000166
0.500000 	0.000403 	-0.523589 	0.000166
0.500000 	0.000402 	-0.523589 	0.000166
0.500000 	0.000401 	-0.523589 	0.000165
0.500000 	0.000400 	-0.523589 	0.000165
0.500000 	0.000399 	-0.523589 	0.000165
0.500000 	0.000398 	-0.523589 	0.000165
0.500000 	0.000397 	-0.523589 	0.000165
0.500000 	0.000396 	-0.523589 	0.000164
0.500000 	0.000395 	-0.523589 	0.000164
0.500000 	0.000394 	-0.523589 	0.000164
0.500000 	0.000393 	-0.523589 	0.000164
0.500000 	0.000392 	-0.523589 	0.000164
0.500000 	0.000391 	-0.523589 	0.000164
0.500000 	0.000390 	-0.523589 	0.000163
0.500000 	0.000389 	-0.523589 	0.000163
0.500000 	0.000388 	-0.523589 	0.000163
0.500000 	0.000387 	-0.523589 	0.000163
0.500000 	0.000385 	-0.523589 	0.000163
0.500000 	0.000384 	-0.523589 	0.000162
0.500000 	0.000383 	-0.523589 	0.000162
0.500000 	0.000382 	-0.523589 	0.000162
0.500000 	0.000381 	-0.523589 	0.000162
0.500000 	0.000380 	-0.523589 	0.000162
0.500000 	0.000379 	-0.523589 	0.000162
0.500000 	0.000378 	-0.523589 	0.000161
0.500000 	0.000377 	-0.523589 	0.000161
0.500000 	0.000376 	-0.523589 	0.000161
0.500000 	0.000375 	-0.523589 	0.000161
0.500000 	0.000374 	-0.523589 	0.000161
0.500000 	0.000373 	-0.523589 	0.000160
0.500000 	0.000372 	-0.523589 	0.000160
0.500000 	0.000371 	-0.523589 	0.000160
0.500000 	0.000370 	-0.523589 	0.000160
0.500000 	0.000369 	-0.523589 	0.000160
0.500000 	0.000368 	-0.523590 	0.000160
0.500000 	0.000367 	-0.523590 	0.000159
0.500000 	0.000366 	-0.523590 	0.000159
0.500000 	0.000365 	-0.523590 	0.000159
0.500000 	0.000364 	-0.523590 	0.000159
0.500000 	0.000363 	-0.523590 	0.000159
0.500000 	0.000362 	-0.523590 	0.000159
0.500000 	0.000361 	-0.523590 	0.000158
0.500000 	0.000360 	-0.523590 	0.000158
0.500000 	0.000359 	-0.523590 	0.000158
0.500000 	0.000358 	-0.523590 	0.000158
0.500000 	0.000357 	-0.523590 	0.000158
0.500000 	0.000356 	-0.523590 	0.000157
0.500000 	0.000356 	-0.523590 	0.000157
0.500000 	0.000355 	-0.523590 	0.000157
0.500000 	0.000354 	-0.523590 	0.000157
0.500000 	0.000353 	-0.523590 	0.000157
0.500000 	0.000352 	-0.523590 	0.000157
0.500000 	0.000351 	-0.523590 	0.000156
0.500000 	0.000350 	-0.523590 	0.000156
0.500000 	0.000349 	-0.523590 	0.000156
0.500000 	0.000348 	-0.523590 	0.000156
0.500000 	0.000347 	-0.523590 	0.000156
0.500000 	0.000346 	-0.523590 	0.000155
0.500000 	0.000345 	-0.523590 	0.000155
0.500000 	0.000344 	-0.523590 	0.000155
0.500000 	0.000343 	-0.523590 	0.000155
0.500000 	0.000342 	-0.523590 	0.000155
0.500000 	0.000341 	-0.523590 	0.000155
0.500000 	0.000340 	-0.523590 	0.000154
0.500000 	0.000339 	-0.523590 	0.000154
0.500000 	0.000339 	-0.523590 	0.000154
0.500000 	0.000338 	-0.523590 	0.000154
0.500000 	0.000337 	-0.523590 	0.000154
0.500000 	0.000336 	-0.523590 	0.000153
0.500000 	0.000335 	-0.523590 	0.000153
0.500000 	0.000334 	-0.523590 	0.000153
0.500000 	0.000333 	-0.523590 	0.000153
0.500000 	0.000332 	-0.523590 	0.000153
0.500000 	0.000331 	-0.523590 	0.000153
0.500000 	0.000330 	-0.523590 	0.000152
0.500000 	0.000329 	-0.523590 	0.000152
0.500000 	0.000329 	-0.523591 	0.000152
0.500000 	0.000328 	-0.523591 	0.000152
0.500000 	0.000327 	-0.523591 	0.000152
0.500000 	0.000326 	-0.523591 	0.000151
0.500000 	0.000325 	-0.523591 	0.000151
0.500000 	0.000324 	-0.523591 	0.000151
0.500000 	0.000323 	-0.523591 	0.000151
0.500000 	0.000322 	-0.523591 	0.000151
0.500000 	0.000321 	-0.523591 	0.000151
0.500000 	0.000320 	-0.523591 	0.000150
0.500000 	0.000320 	-0.523591 	0.000150
0.500000 	0.000319 	-0.523591 	0.000150
0.500000 	0.000318 	-0.523591 	0.000150
0.500000 	0.000317 	-0.523591 	0.000150
0.500000 	0.000316 	-0.523591 	0.000150
0.500000 	0.000315 	-0.523591 	0.000149
0.500000 	0.000314 	-0.523591 	0.000149
0.500000 	0.000314 	-0.523591 	0.000149
0.500000 	0.000313 	-0.523591 	0.000149
0.500000 	0.000312 	-0.523591 	0.000149
0.500000 	0.000311 	-0.523591 	0.000148
0.500000 	0.000310 	-0.523591 	0.000148
0.500000 	0.000309 	-0.523591 	0.000148
0.500000 	0.000308 	-0.523591 	0.000148
0.500000 	0.000308 	-0.523591 	0.000148
0.500000 	0.000307 	-0.523591 	0.000148
0.500000 	0.000306 	-0.523591 	0.000147
0.500000 	0.000305 	-0.523591 	0.000147
0.500000 	0.000304 	-0.523591 	0.000147
0.500000 	0.000303 	-0.523591 	0.000147
0.500000 	0.000302 	-0.523591 	0.000147
0.500000 	0.000302 	-0.523591 	0.000147
0.500000 	0.000301 	-0.523591 	0.000146
0.500000 	0.000300 	-0.523591 	0.000146
0.500000 	0.000299 	-0.523591 	0.000146
0.500000 	0.000298 	-0.523591 	0.000146
0.500000 	0.000298 	-0.523591 	0.000146
0.500000 	0.000297 	-0.523591 	0.000145
0.500000 	0.000296 	-0.523591 	0.000145
0.500000 	0.000295 	-0.523591 	0.000145
0.500000 	0.000294 	-0.523591 	0.000145
0.500000 	0.000293 	-0.523591 	0.000145
0.500000 	0.000293 	-0.523591 	0.000145
0.500000 	0.000292 	-0.523591 	0.000144
0.500000 	0.000291 	-0.523591 	0.000144
0.500000 	0.000290 	-0.523591 	0.000144
0.500000 	0.000289 	-0.523592 	0.000144
0.500000 	0.000289 	-0.523592 	0.000144
0.500000 	0.000288 	-0.523592 	0.000144
0.500000 	0.000287 	-0.523592 	0.000143
0.500000 	0.000286 	-0.523592 	0.000143
0.500000 	0.000285 	-0.523592 	0.000143
0.500000 	0.000285 	-0.523592 	0.000143
0.500000 	0.000284 	-0.523592 	0.000143
0.500000 	0.000283 	-0.523592 	0.000142
0.500000 	0.000282 	-0.523592 	0.000142
0.500000 	0.000281 	-0.523592 	0.000142
0.500000 	0.000281 	-0.523592 	0.000142
0.500000 	0.000280 	-0.523592 	0.000142
0.500000 	0.000279 	-0.523592 	0.000142
0.500000 	0.000278 	-0.523592 	0.000141
0.500000 	0.000278 	-0.523592 	0.000141
0.500000 	0.000277 	-0.523592 	0.000141
0.500000 	0.000276 	-0.523592 	0.000141
0.500000 	0.000275 	-0.523592 	0.000141
0.500000 	0.000274 	-0.523592 	0.000141
0.500000 	0.000274 	-0.523592 	0.000140
0.500000 	0.000273 	-0.523592 	0.000140
0.500000 	0.000272 	-0.523592 	0.000140
0.500000 	0.000271 	-0.523592 	0.000140
0.500000 	0.000271 	-0.523592 	0.000140
0.500000 	0.000270 	-0.523592 	0.000140
0.500000 	0.000269 	-0.523592 	0.000139
0.500000 	0.000268 	-0.523592 	0.000139
0.500000 	0.000268 	-0.523592 	0.000139
0.500000 	0.000267 	-0.523592 	0.000139
0.500000 	0.000266 	-0.523592 	0.000139
0.500000 	0.000265 	-0.523592 	0.000139
0.500000 	0.000265 	-0.523592 	0.000138
0.500000 	0.000264 	-0.523592 	0.000138
0.500000 	0.000263 	-0.523592 	0.000138
0.500000 	0.000262 	-0.523592 	0.000138
0.500000 	0.000262 	-0.523592 	0.000138
0.500000 	0.000261 	-0.523592 	0.000137
0.500000 	0.000260 	-0.523592 	0.000137
0.500000 	0.000260 	-0.523592 	0.000137
0.500000 	0.000259 	-0.523592 	0.000137
0.500000 	0.000258 	-0.523592 	0.000137
0.500000 	0.000257 	-0.523592 	0.000137
0.500000 	0.000257 	-0.523592 	0.000136
0.500000 	0.000256 	-0.523592 	0.000136
0.500000 	0.000255 	-0.523592 	0.000136
0.500000 	0.000255 	-0.523592 	0.000136
0.500000 	0.000254 	-0.523592 	0.000136
0.500000 	0.000253 	-0.523592 	0.000136
0.500000 	0.000252 	-0.523592 	0.000135
0.500000 	0.000252 	-0.523592 	0.000135
0.500000 	0.000251 	-0.523592 	0.000135
0.500000 	0.000250 	-0.523592 	0.000135
0.500000 	0.000250 	-0.523593 	0.000135
0.500000 	0.000249 	-0.523593 	0.000135
0.500000 	0.000248 	-0.523593 	0.000134
0.500000 	0.000247 	-0.523593 	0.000134
0.500000 	0.000247 	-0.523593 	0.000134
0.500000 	0.000246 	-0.523593 	0.000134
0.500000 	0.000245 	-0.523593 	0.000134
0.500000 	0.000245 	-0.523593 	0.000134
0.500000 	0.000244 	-0.523593 	0.000133
0.500000 	0.000243 	-0.523593 	0.000133
0.500000 	0.000243 	-0.523593 	0.000133
0.500000 	0.000242 	-0.523593 	0.000133
0.500000 	0.000241 	-0.523593 	0.000133
0.500000 	0.000241 	-0.523593 	0.000133
0.500000 	0.000240 	-0.523593 	0.000132
0.500000 	0.000239 	-0.523593 	0.000132
0.500000 	0.000239 	-0.523593 	0.000132
0.500000 	0.000238 	-0.523593 	0.000132
0.500000 	0.000237 	-0.523593 	0.000132
0.500000 	0.000237 	-0.523593 	0.000132
0.500000 	0.000236 	-0.523593 	0.000131
0.500000 	0.000235 	-0.523593 	0.000131
0.500000 	0.000235 	-0.523593 	0.000131
0.500000 	0.000234 	-0.523593 	0.000131
0.500000 	0.000233 	-0.523593 	0.000131
0.500000 	0.000233 	-0.523593 	0.000131
0.500000 	0.000232 	-0.523593 	0.000130
0.500000 	0.000231 	-0.523593 	0.000130
0.500000 	0.000231 	-0.523593 	0.000130
0.500000 	0.000230 	-0.523593 	0.000130
0.500000 	0.000229 	-0.523593 	0.000130
0.500000 	0.000229 	-0.523593 	0.000130
0.500000 	0.000228 	-0.523593 	0.000129
0.500000 	0.000227 	-0.523593 	0.000129
0.500000 	0.000227 	-0.523593 	0.000129
0.500000 	0.000226 	-0.523593 	0.000129
0.500000 	0.000225 	-0.523593 	0.000129
0.500000 	0.000225 	-0.523593 	0.000129
0.500000 	0.000224 	-0.523593 	0.000128
0.500000 	0.000224 	-0.523593 	0.000128
0.500000 	0.000223 	-0.523593 	0.000128
0.500000 	0.000222 	-0.523593 	0.000128
0.500000 	0.000222 	-0.523593 	0.000128
0.500000 	0.000221 	-0.523593 	0.000128
0.500000 	0.000220 	-0.523593 	0.000127
0.500000 	0.000220 	-0.523593 	0.000127
0.500000 	0.000219 	-0.523593 	0.000127
0.500000 	0.000219 	-0.523593 	0.000127
0.500000 	0.000218 	-0.523593 	0.000127
0.500000 	0.000217 	-0.523593 	0.000127
0.500000 	0.000217 	-0.523593 	0.000126
0.500000 	0.000216 	-0.523593 	0.000126
0.500000 	0.000215 	-0.523593 	0.000126
0.500000 	0.000215 	-0.523593 	0.000126
0.500000 	0.000214 	-0.523593 	0.000126
0.500000 	0.000214 	-0.523593 	0.000126
0.500000 	0.000213 	-0.523593 	0.000125
0.500000 	0.000212 	-0.523593 	0.000125
0.500000 	0.000212 	-0.523593 	0.000125
0.500000 	0.000211 	-0.523593 	0.000125
0.500000 	0.000211 	-0.523593 	0.000125
0.500000 	0.000210 	-0.523593 	0.000125
0.500000 	0.000209 	-0.523594 	0.000124
0.500000 	0.000209 	-0.523594 	0.000124
0.500000 	0.000208 	-0.523594 	0.000124
0.500000 	0.000208 	-0.523594 	0.000124
0.500000 	0.000207 	-0.523594 	0.000124
0.500000 	0.000206 	-0.523594 	0.000124
0.500000 	0.000206 	-0.523594 	0.000123
0.500000 	0.000205 	-0.523594 	0.000123
0.500000 	0.000205 	-0.523594 	0.000123
0.500000 	0.000204 	-0.523594 	0.000123
0.500000 	0.000203 	-0.523594 	0.000123
0.500000 	0.000203 	-0.523594 	0.000123
0.500000 	0.000202 	-0.523594 	0.000123
0.500000 	0.000202 	-0.523594 	0.000122
0.500000 	0.000201 	-0.523594 	0.000122
0.500000 	0.000201 	-0.523594 	0.000122
0.500000 	0.000200 	-0.523594 	0.000122
0.500000 	0.000199 	-0.523594 	0.000122
0.500000 	0.000199 	-0.523594 	0.000122
0.500000 	0.000198 	-0.523594 	0.000121
0.500000 	0.000198 	-0.523594 	0.000121
0.500000 	0.000197 	-0.523594 	0.000121
0.500000 	0.000197 	-0.523594 	0.000121
0.500000 	0.000196 	-0.523594 	0.000121
0.500000 	0.000195 	-0.523594 	0.000121
0.500000 	0.000195 	-0.523594 	0.000120
0.500000 	0.000194 	-0.523594 	0.000120
0.500000 	0.000194 	-0.523594 	0.000120
0.500000 	0.000193 	-0.523594 	0.000120
0.500000 	0.000193 	-0.523594 	0.000120
0.500000 	0.000192 	-0.523594 	0.000120
0.500000 	0.000192 	-0.523594 	0.000120
0.500000 	0.000191 	-0.523594 	0.000119
0.500000 	0.000191 	-0.523594 	0.000119
0.500000 	0.000190 	-0.523594 	0.000119
0.500000 	0.000189 	-0.523594 	0.000119
0.500000 	0.000189 	-0.523594 	0.000119
0.500000 	0.000188 	-0.523594 	0.000119
0.500000 	0.000188 	-0.523594 	0.000118
0.500000 	0.000187 	-0.523594 	0.000118
0.500000 	0.000187 	-0.523594 	0.000118
0.500000 	0.000186 	-0.523594 	0.000118
0.500000 	0.000186 	-0.523594 	0.000118
0.500000 	0.000185 	-0.523594 	0.000118
0.500000 	0.000185 	-0.523594 	0.000117
0.500000 	0.000184 	-0.523594 	0.000117
0.500000 	0.000184 	-0.523594 	0.000117
0.500000 	0.000183 	-0.523594 	0.000117
0.500000 	0.000182 	-0.523594 	0.000117
0.500000 	0.000182 	-0.523594 	0.000117
0.500000 	0.000181 	-0.523594 	0.000117
0.500000 	0.000181 	-0.523594 	0.000116
0.500000 	0.000180 	-0.523594 	0.000116
0.500000 	0.000180 	-0.523594 	0.000116
0.500000 	0.000179 	-0.523594 	0.000116
0.500000 	0.000179 	-0.523594 	0.000116
0.500000 	0.000178 	-0.523594 	0.000116
0.500000 	0.000178 	-0.523594 	0.000115
0.500000 	0.000177 	-0.523594 	0.000115
0.500000 	0.000177 	-0.523594 	0.000115
0.500000 	0.000176 	-0.523594 	0.000115
0.500000 	0.000176 	-0.523594 	0.000115
0.500000 	0.000175 	-0.523594 	0.000115
0.500000 	0.000175 	-0.523594 	0.000115
0.500000 	0.000174 	-0.523594 	0.000114
0.500000 	0.000174 	-0.523594 	0.000114
0.500000 	0.000173 	-0.523594 	0.000114
0.500000 	0.000173 	-0.523594 	0.000114
0.500000 	0.000172 	-0.523594 	0.000114
0.500000 	0.000172 	-0.523594 	0.000114
0.500000 	0.000171 	-0.523594 	0.000113
0.500000 	0.000171 	-0.523594 	0.000113
0.500000 	0.000170 	-0.523594 	0.000113
0.500000 	0.000170 	-0.523595 	0.000113
0.500000 	0.000169 	-0.523595 	0.000113
0.500000 	0.000169 	-0.523595 	0.000113
0.500000 	0.000168 	-0.523595 	0.000113
0.500000 	0.000168 	-0.523595 	0.000112
0.500000 	0.000167 	-0.523595 	0.000112
0.500000 	0.000167 	-0.523595 	0.000112
0.500000 	0.000166 	-0.523595 	0.000112
0.500000 	0.000166 	-0.523595 	0.000112
0.500000 	0.000165 	-0.523595 	0.000112
0.500000 	0.000165 	-0.523595 	0.000111
0.500000 	0.000164 	-0.523595 	0.000111
0.500000 	0.000164 	-0.523595 	0.000111
0.500000 	0.000164 	-0.523595 	0.000111
0.500000 	0.000163 	-0.523595 	0.000111
0.500000 	0.000163 	-0.523595 	0.000111
0.500000 	0.000162 	-0.523595 	0.000111
0.500000 	0.000162 	-0.523595 	0.000110
0.500000 	0.000161 	-0.523595 	0.000110
0.500000 	0.000161 	-0.523595 	0.000110
0.500000 	0.000160 	-0.523595 	0.000110
0.500000 	0.000160 	-0.523595 	0.000110
0.500000 	0.000159 	-0.523595 	0.000110
0.500000 	0.000159 	-0.523595 	0.000110
0.500000 	0.000158 	-0.523595 	0.000109
0.500000 	0.000158 	-0.523595 	0.000109
0.500000 	0.000157 	-0.523595 	0.000109
0.500000 	0.000157 	-0.523595 	0.000109
0.500000 	0.000157 	-0.523595 	0.000109
0.500000 	0.000156 	-0.523595 	0.000109
0.500000 	0.000156 	-0.523595 	0.000109
0.500000 	0.000155 	-0.523595 	0.000108
0.500000 	0.000155 	-0.523595 	0.000108
0.500000 	0.000154 	-0.523595 	0.000108
0.500000 	0.000154 	-0.523595 	0.000108
0.500000 	0.000153 	-0.523595 	0.000108
0.500000 	0.000153 	-0.523595 	0.000108
0.500000 	0.000153 	-0.523595 	0.000107
0.500000 	0.000152 	-0.523595 	0.000107
0.500000 	0.000152 	-0.523595 	0.000107
0.500000 	0.000151 	-0.523595 	0.000107
0.500000 	0.000151 	-0.523595 	0.000107
0.500000 	0.000150 	-0.523595 	0.000107
0.500000 	0.000150 	-0.523595 	0.000107
0.500000 	0.000149 	-0.523595 	0.000106
0.500000 	0.000149 	-0.523595 	0.000106
0.500000 	0.000149 	-0.523595 	0.000106
0.500000 	0.000148 	-0.523595 	0.000106
0.500000 	0.000148 	-0.523595 	0.000106
0.500000 	0.000147 	-0.523595 	0.000106
0.500000 	0.000147 	-0.523595 	0.000106
0.500000 	0.000146 	-0.523595 	0.000105
0.500000 	0.000146 	-0.523595 	0.000105
0.500000 	0.000146 	-0.523595 	0.000105
0.500000 	0.000145 	-0.523595 	0.000105
0.500000 	0.000145 	-0.523595 	0.000105
0.500000 	0.000144 	-0.523595 	0.000105
0.500000 	0.000144 	-0.523595 	0.000105
0.500000 	0.000143 	-0.523595 	0.000104
0.500000 	0.000143 	-0.523595 	0.000104
0.500000 	0.000143 	-0.523595 	0.000104
0.500000 	0.000142 	-0.523595 	0.000104
0.500000 	0.000142 	-0.523595 	0.000104
0.500000 	0.000141 	-0.523595 	0.000104
0.500000 	0.000141 	-0.523595 	0.000104
0.500000 	0.000141 	-0.523595 	0.000103
0.500000 	0.000140 	-0.523595 	0.000103
0.500000 	0.000140 	-0.523595 	0.000103
0.500000 	0.000139 	-0.523595 	0.000103
0.500000 	0.000139 	-0.523595 	0.000103
0.500000 	0.000139 	-0.523595 	0.000103
0.500000 	0.000138 	-0.523595 	0.000103
0.500000 	0.000138 	-0.523595 	0.000102
0.500000 	0.000137 	-0.523595 	0.000102
0.500000 	0.000137 	-0.523595 	0.000102
0.500000 	0.000137 	-0.523595 	0.000102
0.500000 	0.000136 	-0.523595 	0.000102
0.500000 	0.000136 	-0.523595 	0.000102
0.500000 	0.000135 	-0.523595 	0.000102
0.500000 	0.000135 	-0.523595 	0.000101
0.500000 	0.000135 	-0.523595 	0.000101
0.500000 	0.000134 	-0.523595 	0.000101
0.500000 	0.000134 	-0.523595 	0.000101
0.500000 	0.000133 	-0.523595 	0.000101
0.500000 	0.000133 	-0.523595 	0.000101
0.500000 	0.000133 	-0.523595 	0.000101
0.500000 	0.000132 	-0.523595 	0.000100
0.500000 	0.000132 	-0.523595 	0.000100
0.500000 	0.000131 	-0.523595 	0.000100
0.500000 	0.000131 	-0.523595 	0.000100
0.500000 	0.000131 	-0.523595 	0.000100
0.500000 	0.000130 	-0.523595 	0.000100
0.500000 	0.000130 	-0.523596 	0.000100
0.500000 	0.000130 	-0.523596 	0.000100
0.500000 	0.000129 	-0.523596 	0.000099
0.500000 	0.000129 	-0.523596 	0.000099
0.500000 	0.000128 	-0.523596 	0.000099
0.500000 	0.000128 	-0.523596 	0.000099
0.500000 	0.000128 	-0.523596 	0.000099
0.500000 	0.000127 	-0.523596 	0.000099
0.500000 	0.000127 	-0.523596 	0.000099
0.500000 	0.000127 	-0.523596 	0.000098
0.500000 	0.000126 	-0.523596 	0.000098
0.500000 	0.000126 	-0.523596 	0.000098
0.500000 	0.000125 	-0.523596 	0.000098
0.500000 	0.000125 	-0.523596 	0.000098
0.500000 	0.000125 	-0.523596 	0.000098
0.500000 	0.000124 	-0.523596 	0.000098
0.500000 	0.000124 	-0.523596 	0.000097
0.500000 	0.000124 	-0.523596 	0.000097
0.500000 	0.000123 	-0.523596 	0.000097
0.500000 	0.000123 	-0.523596 	0.000097
0.500000 	0.000123 	-0.523596 	0.000097
0.500000 	0.000122 	-0.523596 	0.000097
0.500000 	0.000122 	-0.523596 	0.000097
0.500000 	0.000121 	-0.523596 	0.000097
0.500000 	0.000121 	-0.523596 	0.000096
0.500000 	0.000121 	-0.523596 	0.000096
0.500000 	0.000120 	-0.523596 	0.000096
0.500000 	0.000120 	-0.523596 	0.000096
0.500000 	0.000120 	-0.523596 	0.000096
0.500000 	0.000119 	-0.523596 	0.000096
0.500000 	0.000119 	-0.523596 	0.000096
0.500000 	0.000119 	-0.523596 	0.000095
0.500000 	0.000118 	-0.523596 	0.000095
0.500000 	0.000118 	-0.523596 	0.000095
0.500000 	0.000118 	-0.523596 	0.000095
0.500000 	0.000117 	-0.523596 	0.000095
0.500000 	0.000117 	-0.523596 	0.000095
0.500000 	0.000117 	-0.523596 	0.000095
0.500000 	0.000116 	-0.523596 	0.000095
0.500000 	0.000116 	-0.523596 	0.000094
0.500000 	0.000116 	-0.523596 	0.000094
0.500000 	0.000115 	-0.523596 	0.000094
0.500000 	0.000115 	-0.523596 	0.000094
0.500000 	0.000115 	-0.523596 	0.000094
0.500000 	0.000114 	-0.523596 	0.000094
0.500000 	0.000114 	-0.523596 	0.000094
0.500000 	0.000114 	-0.523596 	0.000093
0.500000 	0.000113 	-0.523596 	0.000093
0.500000 	0.000113 	-0.523596 	0.000093
0.500000 	0.000113 	-0.523596 	0.000093
0.500000 	0.000112 	-0.523596 	0.000093
0.500000 	0.000112 	-0.523596 	0.000093
0.500000 	0.000112 	-0.523596 	0.000093
0.500000 	0.000111 	-0.523596 	0.000093
0.500000 	0.000111 	-0.523596 	0.000092
0.500000 	0.000111 	-0.523596 	0.000092
0.500000 	0.000110 	-0.523596 	0.000092
0.500000 	0.000110 	-0.523596 	0.000092
0.500000 	0.000110 	-0.523596 	0.000092
0.500000 	0.000109 	-0.523596 	0.000092
0.500000 	0.000109 	-0.523596 	0.000092
0.500000 	0.000109 	-0.523596 	0.000092
0.500000 	0.000108 	-0.523596 	0.000091
0.500000 	0.000108 	-0.523596 	0.000091
0.500000 	0.000108 	-0.523596 	0.000091
0.500000 	0.000107 	-0.523596 	0.000091
0.500000 	0.000107 	-0.523596 	0.000091
0.500000 	0.000107 	-0.523596 	0.000091
0.500000 	0.000106 	-0.523596 	0.000091
0.500000 	0.000106 	-0.523596 	0.000090
0.500000 	0.000106 	-0.523596 	0.000090
0.500000 	0.000105 	-0.523596 	0.000090
0.500000 	0.000105 	-0.523596 	0.000090
0.500000 	0.000105 	-0.523596 	0.000090
0.500000 	0.000105 	-0.523596 	0.000090
0.500000 	0.000104 	-0.523596 	0.000090
0.500000 	0.000104 	-0.523596 	0.000090
0.500000 	0.000104 	-0.523596 	0.000089
0.500000 	0.000103 	-0.523596 	0.000089
0.500000 	0.000103 	-0.523596 	0.000089
0.500000 	0.000103 	-0.523596 	0.000089
0.500000 	0.000102 	-0.523596 	0.000089
0.500000 	0.000102 	-0.523596 	0.000089
0.500000 	0.000102 	-0.523596 	0.000089
0.500000 	0.000101 	-0.523596 	0.000089
0.500000 	0.000101 	-0.523596 	0.000088
0.500000 	0.000101 	-0.523596 	0.000088
0.500000 	0.000101 	-0.523596 	0.000088
0.500000 	0.000100 	-0.523596 	0.000088
0.500000 	0.000100 	-0.523596 	0.000088
0.500000 	0.000100 	-0.523596 	0.000088
0.500000 	0.000099 	-0.523596 	0.000088
0.500000 	0.000099 	-0.523596 	0.000088
0.500000 	0.000099 	-0.523596 	0.000087
0.500000 	0.000099 	-0.523596 	0.000087
0.500000 	0.000098 	-0.523596 	0.000087
0.500000 	0.000098 	-0.523596 	0.000087
0.500000 	0.000098 	-0.523596 	0.000087
0.500000 	0.000097 	-0.523596 	0.000087
0.500000 	0.000097 	-0.523596 	0.000087
0.500000 	0.000097 	-0.523596 	0.000087
0.500000 	0.000097 	-0.523596 	0.000086
0.500000 	0.000096 	-0.523596 	0.000086
0.500000 	0.000096 	-0.523596 	0.000086
0.500000 	0.000096 	-0.523596 	0.000086
0.500000 	0.000095 	-0.523596 	0.000086
0.500000 	0.000095 	-0.523596 	0.000086
0.500000 	0.000095 	-0.523596 	0.000086
0.500000 	0.000095 	-0.523596 	0.000086
0.500000 	0.000094 	-0.523596 	0.000085
0.500000 	0.000094 	-0.523596 	0.000085
0.500000 	0.000094 	-0.523596 	0.000085
0.500000 	0.000093 	-0.523596 	0.000085
0.500000 	0.000093 	-0.523596 	0.000085
0.500000 	0.000093 	-0.523596 	0.000085
0.500000 	0.000093 	-0.523596 	0.000085
0.500000 	0.000092 	-0.523596 	0.000085
0.500000 	0.000092 	-0.523596 	0.000085
0.500000 	0.000092 	-0.523596 	0.000084
0.500000 	0.000092 	-0.523596 	0.000084
0.500000 	0.000091 	-0.523596 	0.000084
0.500000 	0.000091 	-0.523596 	0.000084
0.500000 	0.000091 	-0.523596 	0.000084
0.500000 	0.000090 	-0.523597 	0.000084
0.500000 	0.000090 	-0.523597 	0.000084
0.500000 	0.000090 	-0.523597 	0.000084
0.500000 	0.000090 	-0.523597 	0.000083
0.500000 	0.000089 	-0.523597 	0.000083
0.500000 	0.000089 	-0.523597 	0.000083
0.500000 	0.000089 	-0.523597 	0.000083
0.500000 	0.000089 	-0.523597 	0.000083
0.500000 	0.000088 	-0.523597 	0.000083
0.500000 	0.000088 	-0.523597 	0.000083
0.500000 	0.000088 	-0.523597 	0.000083
0.500000 	0.000088 	-0.523597 	0.000082
0.500000 	0.000087 	-0.523597 	0.000082
0.500000 	0.000087 	-0.523597 	0.000082
0.500000 	0.000087 	-0.523597 	0.000082
0.500000 	0.000086 	-0.523597 	0.000082
0.500000 	0.000086 	-0.523597 	0.000082
0.500000 	0.000086 	-0.523597 	0.000082
0.500000 	0.000086 	-0.523597 	0.000082
0.500000 	0.000085 	-0.523597 	0.000082
0.500000 	0.000085 	-0.523597 	0.000081
0.500000 	0.000085 	-0.523597 	0.000081
0.500000 	0.000085 	-0.523597 	0.000081
0.500000 	0.000084 	-0.523597 	0.000081
0.500000 	0.000084 	-0.523597 	0.000081
0.500000 	0.000084 	-0.523597 	0.000081
0.500000 	0.000084 	-0.523597 	0.000081
0.500000 	0.000083 	-0.523597 	0.000081
0.500000 	0.000083 	-0.523597 	0.000081
0.500000 	0.000083 	-0.523597 	0.000080
0.500000 	0.000083 	-0.523597 	0.000080
0.500000 	0.000082 	-0.523597 	0.000080
0.500000 	0.000082 	-0.523597 	0.000080
0.500000 	0.000082 	-0.523597 	0.000080
0.500000 	0.000082 	-0.523597 	0.000080
0.500000 	0.000081 	-0.523597 	0.000080
0.500000 	0.000081 	-0.523597 	0.000080
0.500000 	0.000081 	-0.523597 	0.000079
0.500000 	0.000081 	-0.523597 	0.000079
0.500000 	0.000081 	-0.523597 	0.000079
0.500000 	0.000080 	-0.523597 	0.000079
0.500000 	0.000080 	-0.523597 	0.000079
0.500000 	0.000080 	-0.523597 	0.000079
0.500000 	0.000080 	-0.523597 	0.000079
0.500000 	0.000079 	-0.523597 	0.000079
0.500000 	0.000079 	-0.523597 	0.000079
0.500000 	0.000079 	-0.523597 	0.000078
0.500000 	0.000079 	-0.523597 	0.000078
0.500000 	0.000078 	-0.523597 	0.000078
0.500000 	0.000078 	-0.523597 	0.000078
0.500000 	0.000078 	-0.523597 	0.000078
0.500000 	0.000078 	-0.523597 	0.000078
0.500000 	0.000077 	-0.523597 	0.000078
0.500000 	0.000077 	-0.523597 	0.000078
0.500000 	0.000077 	-0.523597 	0.000078
0.500000 	0.000077 	-0.523597 	0.000077
0.500000 	0.000077 	-0.523597 	0.000077
0.500000 	0.000076 	-0.523597 	0.000077
0.500000 	0.000076 	-0.523597 	0.000077
0.500000 	0.000076 	-0.523597 	0.000077
0.500000 	0.000076 	-0.523597 	0.000077
0.500000 	0.000075 	-0.523597 	0.000077
0.500000 	0.000075 	-0.523597 	0.000077
0.500000 	0.000075 	-0.523597 	0.000077
0.500000 	0.000075 	-0.523597 	0.000076
0.500000 	0.000075 	-0.523597 	0.000076
0.500000 	0.000074 	-0.523597 	0.000076
0.500000 	0.000074 	-0.523597 	0.000076
0.500000 	0.000074 	-0.523597 	0.000076
0.500000 	0.000074 	-0.523597 	0.000076
0.500000 	0.000073 	-0.523597 	0.000076
0.500000 	0.000073 	-0.523597 	0.000076
0.500000 	0.000073 	-0.523597 	0.000076
0.500000 	0.000073 	-0.523597 	0.000075
0.500000 	0.000073 	-0.523597 	0.000075
0.500000 	0.000072 	-0.523597 	0.000075
0.500000 	0.000072 	-0.523597 	0.000075
0.500000 	0.000072 	-0.523597 	0.000075
0.500000 	0.000072 	-0.523597 	0.000075
0.500000 	0.000071 	-0.523597 	0.000075
0.500000 	0.000071 	-0.523597 	0.000075
0.500000 	0.000071 	-0.523597 	0.000075
0.500000 	0.000071 	-0.523597 	0.000074
0.500000 	0.000071 	-0.523597 	0.000074
0.500000 	0.000070 	-0.523597 	0.000074
0.500000 	0.000070 	-0.523597 	0.000074
0.500000 	0.000070 	-0.523597 	0.000074
0.500000 	0.000070 	-0.523597 	0.000074
0.500000 	0.000070 	-0.523597 	0.000074
0.500000 	0.000069 	-0.523597 	0.000074
0.500000 	0.000069 	-0.523597 	0.000074
0.500000 	0.000069 	-0.523597 	0.000074
0.500000 	0.000069 	-0.523597 	0.000073
0.500000 	0.000069 	-0.523597 	0.000073
0.500000 	0.000068 	-0.523597 	0.000073
0.500000 	0.000068 	-0.523597 	0.000073
0.500000 	0.000068 	-0.523597 	0.000073
0.500000 	0.000068 	-0.523597 	0.000073
0.500000 	0.000068 	-0.523597 	0.000073
0.500000 	0.000067 	-0.523597 	0.000073
0.500000 	0.000067 	-0.523597 	0.000073
0.500000 	0.000067 	-0.523597 	0.000072
0.500000 	0.000067 	-0.523597 	0.000072
0.500000 	0.000067 	-0.523597 	0.000072
0.500000 	0.000066 	-0.523597 	0.000072
0.500000 	0.000066 	-0.523597 	0.000072
0.500000 	0.000066 	-0.523597 	0.000072
0.500000 	0.000066 	-0.523597 	0.000072
0.500000 	0.000066 	-0.523597 	0.000072
0.500000 	0.000065 	-0.523597 	0.000072
0.500000 	0.000065 	-0.523597 	0.000072
0.500000 	0.000065 	-0.523597 	0.000071
0.500000 	0.000065 	-0.523597 	0.000071
0.500000 	0.000065 	-0.523597 	0.000071
0.500000 	0.000064 	-0.523597 	0.000071
0.500000 	0.000064 	-0.523597 	0.000071
0.500000 	0.000064 	-0.523597 	0.000071
0.500000 	0.000064 	-0.523597 	0.000071
0.500000 	0.000064 	-0.523597 	0.000071
0.500000 	0.000063 	-0.523597 	0.000071
0.500000 	0.000063 	-0.523597 	0.000070
0.500000 	0.000063 	-0.523597 	0.000070
0.500000 	0.000063 	-0.523597 	0.000070
0.500000 	0.000063 	-0.523597 	0.000070
0.500000 	0.000062 	-0.523597 	0.000070
0.500000 	0.000062 	-0.523597 	0.000070
0.500000 	0.000062 	-0.523597 	0.000070
0.500000 	0.000062 	-0.523597 	0.000070
0.500000 	0.000062 	-0.523597 	0.000070
0.500000 	0.000062 	-0.523597 	0.000070
0.500000 	0.000061 	-0.523597 	0.000069
0.500000 	0.000061 	-0.523597 	0.000069
0.500000 	0.000061 	-0.523597 	0.000069
0.500000 	0.000061 	-0.523597 	0.000069
0.500000 	0.000061 	-0.523597 	0.000069
0.500000 	0.000060 	-0.523597 	0.000069
0.500000 	0.000060 	-0.523597 	0.000069
0.500000 	0.000060 	-0.523597 	0.000069
0.500000 	0.000060 	-0.523597 	0.000069
0.500000 	0.000060 	-0.523597 	0.000069
0.500000 	0.000060 	-0.523597 	0.000068
0.500000 	0.000059 	-0.523597 	0.000068
0.500000 	0.000059 	-0.523597 	0.000068
0.500000 	0.000059 	-0.523597 	0.000068
0.500000 	0.000059 	-0.523597 	0.000068
0.500000 	0.000059 	-0.523597 	0.000068
0.500000 	0.000059 	-0.523597 	0.000068
0.500000 	0.000058 	-0.523597 	0.000068
0.500000 	0.000058 	-0.523597 	0.000068
0.500000 	0.000058 	-0.523597 	0.000068
0.500000 	0.000058 	-0.523597 	0.000067
0.500000 	0.000058 	-0.523597 	0.000067
0.500000 	0.000057 	-0.523597 	0.000067
0.500000 	0.000057 	-0.523597 	0.000067
0.500000 	0.000057 	-0.523597 	0.000067
0.500000 	0.000057 	-0.523597 	0.000067
0.500000 	0.000057 	-0.523597 	0.000067
0.500000 	0.000057 	-0.523597 	0.000067
0.500000 	0.000056 	-0.523597 	0.000067
0.500000 	0.000056 	-0.523597 	0.000067
0.500000 	0.000056 	-0.523597 	0.000066
0.500000 	0.000056 	-0.523597 	0.000066
0.500000 	0.000056 	-0.523597 	0.000066
0.500000 	0.000056 	-0.523597 	0.000066
0.500000 	0.000055 	-0.523597 	0.000066
0.500000 	0.000055 	-0.523597 	0.000066
0.500000 	0.000055 	-0.523597 	0.000066
0.500000 	0.000055 	-0.523597 	0.000066
0.500000 	0.000055 	-0.523597 	0.000066
0.500000 	0.000055 	-0.523597 	0.000066
0.500000 	0.000054 	-0.523597 	0.000066
0.500000 	0.000054 	-0.523597 	0.000065
0.500000 	0.000054 	-0.523597 	0.000065
0.500000 	0.000054 	-0.523597 	0.000065
0.500000 	0.000054 	-0.523597 	0.000065
0.500000 	0.000054 	-0.523597 	0.000065
0.500000 	0.000053 	-0.523597 	0.000065
0.500000 	0.000053 	-0.523597 	0.000065
0.500000 	0.000053 	-0.523597 	0.000065
0.500000 	0.000053 	-0.523597 	0.000065
0.500000 	0.000053 	-0.523597 	0.000065
0.500000 	0.000053 	-0.523597 	0.000064
0.500000 	0.000053 	-0.523597 	0.000064
0.500000 	0.000052 	-0.523597 	0.000064
0.500000 	0.000052 	-0.523597 	0.000064
0.500000 	0.000052 	-0.523597 	0.000064
0.500000 	0.000052 	-0.523597 	0.000064
0.500000 	0.000052 	-0.523597 	0.000064
0.500000 	0.000052 	-0.523597 	0.000064
0.500000 	0.000051 	-0.523597 	0.000064
0.500000 	0.000051 	-0.523597 	0.000064
0.500000 	0.000051 	-0.523597 	0.000064
0.500000 	0.000051 	-0.523597 	0.000063
0.500000 	0.000051 	-0.523597 	0.000063
0.500000 	0.000051 	-0.523598 	0.000063
0.500000 	0.000051 	-0.523598 	0.000063
0.500000 	0.000050 	-0.523598 	0.000063
0.500000 	0.000050 	-0.523598 	0.000063
0.500000 	0.000050 	-0.523598 	0.000063
0.500000 	0.000050 	-0.523598 	0.000063
0.500000 	0.000050 	-0.523598 	0.000063
0.500000 	0.000050 	-0.523598 	0.000063
0.500000 	0.000049 	-0.523598 	0.000062
0.500000 	0.000049 	-0.523598 	0.000062
0.500000 	0.000049 	-0.523598 	0.000062
0.500000 	0.000049 	-0.523598 	0.000062
0.500000 	0.000049 	-0.523598 	0.000062
0.500000 	0.000049 	-0.523598 	0.000062
0.500000 	0.000049 	-0.523598 	0.000062
0.500000 	0.000048 	-0.523598 	0.000062
0.500000 	0.000048 	-0.523598 	0.000062
0.500000 	0.000048 	-0.523598 	0.000062
0.500000 	0.000048 	-0.523598 	0.000062
0.500000 	0.000048 	-0.523598 	0.000061
0.500000 	0.000048 	-0.523598 	0.000061
0.500000 	0.000048 	-0.523598 	0.000061
0.500000 	0.000047 	-0.523598 	0.000061
0.500000 	0.000047 	-0.523598 	0.000061
0.500000 	0.000047 	-0.523598 	0.000061
0.500000 	0.000047 	-0.523598 	0.000061
0.500000 	0.000047 	-0.523598 	0.000061
0.500000 	0.000047 	-0.523598 	0.000061
0.500000 	0.000047 	-0.523598 	0.000061
0.500000 	0.000046 	-0.523598 	0.000061
0.500000 	0.000046 	-0.523598 	0.000060
0.500000 	0.000046 	-0.523598 	0.000060
0.500000 	0.000046 	-0.523598 	0.000060
0.500000 	0.000046 	-0.523598 	0.000060
0.500000 	0.000046 	-0.523598 	0.000060
0.500000 	0.000046 	-0.523598 	0.000060
0.500000 	0.000045 	-0.523598 	0.000060
0.500000 	0.000045 	-0.523598 	0.000060
0.500000 	0.000045 	-0.523598 	0.000060
0.500000 	0.000045 	-0.523598 	0.000060
0.500000 	0.000045 	-0.523598 	0.000060
0.500000 	0.000045 	-0.523598 	0.000060
0.500000 	0.000045 	-0.523598 	0.000059
0.500000 	0.000045 	-0.523598 	0.000059
0.500000 	0.000044 	-0.523598 	0.000059
0.500000 	0.000044 	-0.523598 	0.000059
0.500000 	0.000044 	-0.523598 	0.000059
0.500000 	0.000044 	-0.523598 	0.000059
0.500000 	0.000044 	-0.523598 	0.000059
0.500000 	0.000044 	-0.523598 	0.000059
0.500000 	0.000044 	-0.523598 	0.000059
0.500000 	0.000043 	-0.523598 	0.000059
0.500000 	0.000043 	-0.523598 	0.000059
0.500000 	0.000043 	-0.523598 	0.000058
0.500000 	0.000043 	-0.523598 	0.000058
0.500000 	0.000043 	-0.523598 	0.000058
0.500000 	0.000043 	-0.523598 	0.000058
0.500000 	0.000043 	-0.523598 	0.000058
0.500000 	0.000043 	-0.523598 	0.000058
0.500000 	0.000042 	-0.523598 	0.000058
0.500000 	0.000042 	-0.523598 	0.000058
0.500000 	0.000042 	-0.523598 	0.000058
0.500000 	0.000042 	-0.523598 	0.000058
0.500000 	0.000042 	-0.523598 	0.000058
0.500000 	0.000042 	-0.523598 	0.000058
0.500000 	0.000042 	-0.523598 	0.000057
0.500000 	0.000042 	-0.523598 	0.000057
0.500000 	0.000041 	-0.523598 	0.000057
0.500000 	0.000041 	-0.523598 	0.000057
0.500000 	0.000041 	-0.523598 	0.000057
0.500000 	0.000041 	-0.523598 	0.000057
0.500000 	0.000041 	-0.523598 	0.000057
0.500000 	0.000041 	-0.523598 	0.000057
0.500000 	0.000041 	-0.523598 	0.000057
0.500000 	0.000041 	-0.523598 	0.000057
0.500000 	0.000040 	-0.523598 	0.000057
0.500000 	0.000040 	-0.523598 	0.000057
0.500000 	0.000040 	-0.523598 	0.000056
0.500000 	0.000040 	-0.523598 	0.000056
0.500000 	0.000040 	-0.523598 	0.000056
0.500000 	0.000040 	-0.523598 	0.000056
0.500000 	0.000040 	-0.523598 	0.000056
0.500000 	0.000040 	-0.523598 	0.000056
0.500000 	0.000039 	-0.523598 	0.000056
0.500000 	0.000039 	-0.523598 	0.000056
0.500000 	0.000039 	-0.523598 	0.000056
0.500000 	0.000039 	-0.523598 	0.000056
0.500000 	0.000039 	-0.523598 	0.000056
0.500000 	0.000039 	-0.523598 	0.000056
0.500000 	0.000039 	-0.523598 	0.000055
0.500000 	0.000039 	-0.523598 	0.000055
0.500000 	0.000039 	-0.523598 	0.000055
0.500000 	0.000038 	-0.523598 	0.000055
0.500000 	0.000038 	-0.523598 	0.000055
0.500000 	0.000038 	-0.523598 	0.000055
0.500000 	0.000038 	-0.523598 	0.000055
0.500000 	0.000038 	-0.523598 	0.000055
0.500000 	0.000038 	-0.523598 	0.000055
0.500000 	0.000038 	-0.523598 	0.000055
0.500000 	0.000038 	-0.523598 	0.000055
0.500000 	0.000038 	-0.523598 	0.000055
0.500000 	0.000037 	-0.523598 	0.000054
0.500000 	0.000037 	-0.523598 	0.000054
0.500000 	0.000037 	-0.523598 	0.000054
0.500000 	0.000037 	-0.523598 	0.000054
0.500000 	0.000037 	-0.523598 	0.000054
0.500000 	0.000037 	-0.523598 	0.000054
0.500000 	0.000037 	-0.523598 	0.000054
0.500000 	0.000037 	-0.523598 	0.000054
0.500000 	0.000036 	-0.523598 	0.000054
0.500000 	0.000036 	-0.523598 	0.000054
0.500000 	0.000036 	-0.523598 	0.000054
0.500000 	0.000036 	-0.523598 	0.000054
0.500000 	0.000036 	-0.523598 	0.000053
0.500000 	0.000036 	-0.523598 	0.000053
0.500000 	0.000036 	-0.523598 	0.000053
0.500000 	0.000036 	-0.523598 	0.000053
0.500000 	0.000036 	-0.523598 	0.000053
0.500000 	0.000036 	-0.523598 	0.000053
0.500000 	0.000035 	-0.523598 	0.000053
0.500000 	0.000035 	-0.523598 	0.000053
0.500000 	0.000035 	-0.523598 	0.000053
0.500000 	0.000035 	-0.523598 	0.000053
0.500000 	0.000035 	-0.523598 	0.000053
0.500000 	0.000035 	-0.523598 	0.000053
0.500000 	0.000035 	-0.523598 	0.000053
0.500000 	0.000035 	-0.523598 	0.000052
0.500000 	0.000035 	-0.523598 	0.000052
0.500000 	0.000034 	-0.523598 	0.000052
0.500000 	0.000034 	-0.523598 	0.000052
0.500000 	0.000034 	-0.523598 	0.000052
0.500000 	0.000034 	-0.523598 	0.000052
0.500000 	0.000034 	-0.523598 	0.000052
0.500000 	0.000034 	-0.523598 	0.000052
0.500000 	0.000034 	-0.523598 	0.000052
0.500000 	0.000034 	-0.523598 	0.000052
0.500000 	0.000034 	-0.523598 	0.000052
0.500000 	0.000034 	-0.523598 	0.000052
0.500000 	0.000033 	-0.523598 	0.000052
0.500000 	0.000033 	-0.523598 	0.000051
0.500000 	0.000033 	-0.523598 	0.000051
0.500000 	0.000033 	-0.523598 	0.000051
0.500000 	0.000033 	-0.523598 	0.000051
0.500000 	0.000033 	-0.523598 	0.000051
0.500000 	0.000033 	-0.523598 	0.000051
0.500000 	0.000033 	-0.523598 	0.000051
0.500000 	0.000033 	-0.523598 	0.000051
0.500000 	0.000033 	-0.523598 	0.000051
0.500000 	0.000032 	-0.523598 	0.000051
0.500000 	0.000032 	-0.523598 	0.000051
0.500000 	0.000032 	-0.523598 	0.000051
0.500000 	0.000032 	-0.523598 	0.000051
0.500000 	0.000032 	-0.523598 	0.000050
0.500000 	0.000032 	-0.523598 	0.000050
0.500000 	0.000032 	-0.523598 	0.000050
0.500000 	0.000032 	-0.523598 	0.000050
0.500000 	0.000032 	-0.523598 	0.000050
0.500000 	0.000032 	-0.523598 	0.000050
0.500000 	0.000031 	-0.523598 	0.000050
0.500000 	0.000031 	-0.523598 	0.000050
0.500000 	0.000031 	-0.523598 	0.000050
0.500000 	0.000031 	-0.523598 	0.000050
0.500000 	0.000031 	-0.523598 	0.000050
0.500000 	0.000031 	-0.523598 	0.000050
0.500000 	0.000031 	-0.523598 	0.000050
0.500000 	0.000031 	-0.523598 	0.000050
0.500000 	0.000031 	-0.523598 	0.000049
0.500000 	0.000031 	-0.523598 	0.000049
0.500000 	0.000031 	-0.523598 	0.000049
0.500000 	0.000030 	-0.523598 	0.000049
0.500000 	0.000030 	-0.523598 	0.000049
0.500000 	0.000030 	-0.523598 	0.000049
0.500000 	0.000030 	-0.523598 	0.000049
0.500000 	0.000030 	-0.523598 	0.000049
0.500000 	0.000030 	-0.523598 	0.000049
0.500000 	0.000030 	-0.523598 	0.000049
0.500000 	0.000030 	-0.523598 	0.000049
0.500000 	0.000030 	-0.523598 	0.000049
0.500000 	0.000030 	-0.523598 	0.000049
0.500000 	0.000030 	-0.523598 	0.000048
0.500000 	0.000029 	-0.523598 	0.000048
0.500000 	0.000029 	-0.523598 	0.000048
0.500000 	0.000029 	-0.523598 	0.000048
0.500000 	0.000029 	-0.523598 	0.000048
0.500000 	0.000029 	-0.523598 	0.000048
0.500000 	0.000029 	-0.523598 	0.000048
0.500000 	0.000029 	-0.523598 	0.000048
0.500000 	0.000029 	-0.523598 	0.000048
0.500000 	0.000029 	-0.523598 	0.000048
0.500000 	0.000029 	-0.523598 	0.000048
0.500000 	0.000029 	-0.523598 	0.000048
0.500000 	0.000028 	-0.523598 	0.000048
0.500000 	0.000028 	-0.523598 	0.000048
0.500000 	0.000028 	-0.523598 	0.000047
0.500000 	0.000028 	-0.523598 	0.000047
0.500000 	0.000028 	-0.523598 	0.000047
0.500000 	0.000028 	-0.523598 	0.000047
0.500000 	0.000028 	-0.523598 	0.000047
0.500000 	0.000028 	-0.523598 	0.000047
0.500000 	0.000028 	-0.523598 	0.000047
0.500000 	0.000028 	-0.523598 	0.000047
0.500000 	0.000028 	-0.523598 	0.000047
0.500000 	0.000028 	-0.523598 	0.000047
0.500000 	0.000027 	-0.523598 	0.000047
0.500000 	0.000027 	-0.523598 	0.000047
0.500000 	0.000027 	-0.523598 	0.000047
0.500000 	0.000027 	-0.523598 	0.000047
0.500000 	0.000027 	-0.523598 	0.000046
0.500000 	0.000027 	-0.523598 	0.000046
0.500000 	0.000027 	-0.523598 	0.000046
0.500000 	0.000027 	-0.523598 	0.000046
0.500000 	0.000027 	-0.523598 	0.000046
0.500000 	0.000027 	-0.523598 	0.000046
0.500000 	0.000027 	-0.523598 	0.000046
0.500000 	0.000027 	-0.523598 	0.000046
0.500000 	0.000026 	-0.523598 	0.000046
0.500000 	0.000026 	-0.523598 	0.000046
0.500000 	0.000026 	-0.523598 	0.000046
0.500000 	0.000026 	-0.523598 	0.000046
0.500000 	0.000026 	-0.523598 	0.000046
0.500000 	0.000026 	-0.523598 	0.000046
0.500000 	0.000026 	-0.523598 	0.000046
0.500000 	0.000026 	-0.523598 	0.000045
0.500000 	0.000026 	-0.523598 	0.000045
0.500000 	0.000026 	-0.523598 	0.000045
0.500000 	0.000026 	-0.523598 	0.000045
0.500000 	0.000026 	-0.523598 	0.000045
0.500000 	0.000026 	-0.523598 	0.000045
0.500000 	0.000025 	-0.523598 	0.000045
0.500000 	0.000025 	-0.523598 	0.000045
0.500000 	0.000025 	-0.523598 	0.000045
0.500000 	0.000025 	-0.523598 	0.000045
0.500000 	0.000025 	-0.523598 	0.000045
0.500000 	0.000025 	-0.523598 	0.000045
0.500000 	0.000025 	-0.523598 	0.000045
0.500000 	0.000025 	-0.523598 	0.000045
0.500000 	0.000025 	-0.523598 	0.000045
0.500000 	0.000025 	-0.523598 	0.000044
0.500000 	0.000025 	-0.523598 	0.000044
0.500000 	0.000025 	-0.523598 	0.000044
0.500000 	0.000025 	-0.523598 	0.000044
0.500000 	0.000024 	-0.523598 	0.000044
0.500000 	0.000024 	-0.523598 	0.000044
0.500000 	0.000024 	-0.523598 	0.000044
0.500000 	0.000024 	-0.523598 	0.000044
0.500000 	0.000024 	-0.523598 	0.000044
0.500000 	0.000024 	-0.523598 	0.000044
0.500000 	0.000024 	-0.523598 	0.000044
0.500000 	0.000024 	-0.523598 	0.000044
0.500000 	0.000024 	-0.523598 	0.000044
0.500000 	0.000024 	-0.523598 	0.000044
0.500000 	0.000024 	-0.523598 	0.000044
0.500000 	0.000024 	-0.523598 	0.000043
0.500000 	0.000024 	-0.523598 	0.000043
0.500000 	0.000024 	-0.523598 	0.000043
0.500000 	0.000023 	-0.523598 	0.000043
0.500000 	0.000023 	-0.523598 	0.000043
0.500000 	0.000023 	-0.523598 	0.000043
0.500000 	0.000023 	-0.523598 	0.000043
0.500000 	0.000023 	-0.523598 	0.000043
0.500000 	0.000023 	-0.523598 	0.000043
0.500000 	0.000023 	-0.523598 	0.000043
0.500000 	0.000023 	-0.523598 	0.000043
0.500000 	0.000023 	-0.523598 	0.000043
0.500000 	0.000023 	-0.523598 	0.000043
0.500000 	0.000023 	-0.523598 	0.000043
0.500000 	0.000023 	-0.523598 	0.000043
0.500000 	0.000023 	-0.523598 	0.000042
0.500000 	0.000023 	-0.523598 	0.000042
0.500000 	0.000022 	-0.523598 	0.000042
0.500000 	0.000022 	-0.523598 	0.000042
0.500000 	0.000022 	-0.523598 	0.000042
0.500000 	0.000022 	-0.523598 	0.000042
0.500000 	0.000022 	-0.523598 	0.000042
0.500000 	0.000022 	-0.523598 	0.000042
0.500000 	0.000022 	-0.523598 	0.000042
0.500000 	0.000022 	-0.523598 	0.000042
0.500000 	0.000022 	-0.523598 	0.000042
0.500000 	0.000022 	-0.523598 	0.000042
0.500000 	0.000022 	-0.523598 	0.000042
0.500000 	0.000022 	-0.523598 	0.000042
0.500000 	0.000022 	-0.523598 	0.000042
0.500000 	0.000022 	-0.523598 	0.000042
0.500000 	0.000022 	-0.523598 	0.000041
0.500000 	0.000022 	-0.523598 	0.000041
0.500000 	0.000021 	-0.523598 	0.000041
0.500000 	0.000021 	-0.523598 	0.000041
0.500000 	0.000021 	-0.523598 	0.000041
0.500000 	0.000021 	-0.523598 	0.000041
0.500000 	0.000021 	-0.523598 	0.000041
0.500000 	0.000021 	-0.523598 	0.000041
0.500000 	0.000021 	-0.523598 	0.000041
0.500000 	0.000021 	-0.523598 	0.000041
0.500000 	0.000021 	-0.523598 	0.000041
0.500000 	0.000021 	-0.523598 	0.000041
0.500000 	0.000021 	-0.523598 	0.000041
0.500000 	0.000021 	-0.523598 	0.000041
0.500000 	0.000021 	-0.523598 	0.000041
0.500000 	0.000021 	-0.523598 	0.000041
0.500000 	0.000021 	-0.523598 	0.000041
0.500000 	0.000020 	-0.523598 	0.000040
0.500000 	0.000020 	-0.523598 	0.000040
0.500000 	0.000020 	-0.523598 	0.000040
0.500000 	0.000020 	-0.523598 	0.000040
0.500000 	0.000020 	-0.523598 	0.000040
0.500000 	0.000020 	-0.523598 	0.000040
0.500000 	0.000020 	-0.523598 	0.000040
0.500000 	0.000020 	-0.523598 	0.000040
0.500000 	0.000020 	-0.523598 	0.000040
0.500000 	0.000020 	-0.523598 	0.000040
0.500000 	0.000020 	-0.523598 	0.000040
0.500000 	0.000020 	-0.523598 	0.000040
0.500000 	0.000020 	-0.523598 	0.000040
0.500000 	0.000020 	-0.523598 	0.000040
0.500000 	0.000020 	-0.523598 	0.000040
0.500000 	0.000020 	-0.523598 	0.000040
0.500000 	0.000020 	-0.523598 	0.000039
0.500000 	0.000019 	-0.523598 	0.000039
0.500000 	0.000019 	-0.523598 	0.000039
0.500000 	0.000019 	-0.523598 	0.000039
0.500000 	0.000019 	-0.523598 	0.000039
0.500000 	0.000019 	-0.523598 	0.000039
0.500000 	0.000019 	-0.523598 	0.000039
0.500000 	0.000019 	-0.523598 	0.000039
0.500000 	0.000019 	-0.523598 	0.000039
0.500000 	0.000019 	-0.523598 	0.000039
0.500000 	0.000019 	-0.523598 	0.000039
0.500000 	0.000019 	-0.523598 	0.000039
0.500000 	0.000019 	-0.523598 	0.000039
0.500000 	0.000019 	-0.523598 	0.000039
0.500000 	0.000019 	-0.523598 	0.000039
0.500000 	0.000019 	-0.523598 	0.000039
0.500000 	0.000019 	-0.523598 	0.000039
0.500000 	0.000019 	-0.523598 	0.000038
0.500000 	0.000018 	-0.523598 	0.000038
0.500000 	0.000018 	-0.523598 	0.000038
0.500000 	0.000018 	-0.523598 	0.000038
0.500000 	0.000018 	-0.523598 	0.000038
0.500000 	0.000018 	-0.523598 	0.000038
0.500000 	0.000018 	-0.523598 	0.000038
0.500000 	0.000018 	-0.523598 	0.000038
0.500000 	0.000018 	-0.523598 	0.000038
0.500000 	0.000018 	-0.523598 	0.000038
0.500000 	0.000018 	-0.523598 	0.000038
0.500000 	0.000018 	-0.523598 	0.000038
0.500000 	0.000018 	-0.523598 	0.000038
0.500000 	0.000018 	-0.523598 	0.000038
0.500000 	0.000018 	-0.523598 	0.000038
0.500000 	0.000018 	-0.523598 	0.000038
0.500000 	0.000018 	-0.523598 	0.000038
0.500000 	0.000018 	-0.523598 	0.000038
0.500000 	0.000018 	-0.523598 	0.000037
0.500000 	0.000017 	-0.523598 	0.000037
0.500000 	0.000017 	-0.523598 	0.000037
0.500000 	0.000017 	-0.523598 	0.000037
0.500000 	0.000017 	-0.523598 	0.000037
0.500000 	0.000017 	-0.523598 	0.000037
0.500000 	0.000017 	-0.523598 	0.000037
0.500000 	0.000017 	-0.523598 	0.000037
0.500000 	0.000017 	-0.523598 	0.000037
0.500000 	0.000017 	-0.523598 	0.000037
0.500000 	0.000017 	-0.523598 	0.000037
0.500000 	0.000017 	-0.523598 	0.000037
0.500000 	0.000017 	-0.523598 	0.000037
0.500000 	0.000017 	-0.523598 	0.000037
0.500000 	0.000017 	-0.523598 	0.000037
0.500000 	0.000017 	-0.523598 	0.000037
0.500000 	0.000017 	-0.523598 	0.000037
0.500000 	0.000017 	-0.523598 	0.000037
0.500000 	0.000017 	-0.523598 	0.000036
0.500000 	0.000017 	-0.523598 	0.000036
0.500000 	0.000017 	-0.523598 	0.000036
0.500000 	0.000016 	-0.523598 	0.000036
0.500000 	0.000016 	-0.523598 	0.000036
0.500000 	0.000016 	-0.523598 	0.000036
0.500000 	0.000016 	-0.523598 	0.000036
0.500000 	0.000016 	-0.523598 	0.000036
0.500000 	0.000016 	-0.523598 	0.000036
0.500000 	0.000016 	-0.523598 	0.000036
0.500000 	0.000016 	-0.523598 	0.000036
0.500000 	0.000016 	-0.523598 	0.000036
0.500000 	0.000016 	-0.523598 	0.000036
0.500000 	0.000016 	-0.523598 	0.000036
0.500000 	0.000016 	-0.523598 	0.000036
0.500000 	0.000016 	-0.523598 	0.000036
0.500000 	0.000016 	-0.523598 	0.000036
0.500000 	0.000016 	-0.523598 	0.000036
0.500000 	0.000016 	-0.523598 	0.000035
0.500000 	0.000016 	-0.523598 	0.000035
0.500000 	0.000016 	-0.523598 	0.000035
0.500000 	0.000016 	-0.523598 	0.000035
0.500000 	0.000016 	-0.523598 	0.000035
0.500000 	0.000015 	-0.523598 	0.000035
0.500000 	0.000015 	-0.523598 	0.000035
0.500000 	0.000015 	-0.523598 	0.000035
0.500000 	0.000015 	-0.523598 	0.000035
0.500000 	0.000015 	-0.523598 	0.000035
0.500000 	0.000015 	-0.523598 	0.000035
0.500000 	0.000015 	-0.523598 	0.000035
0.500000 	0.000015 	-0.523598 	0.000035
0.500000 	0.000015 	-0.523598 	0.000035
0.500000 	0.000015 	-0.523598 	0.000035
0.500000 	0.000015 	-0.523598 	0.000035
0.500000 	0.000015 	-0.523598 	0.000035
0.500000 	0.000015 	-0.523598 	0.000035
0.500000 	0.000015 	-0.523598 	0.000035
0.500000 	0.000015 	-0.523598 	0.000034
0.500000 	0.000015 	-0.523598 	0.000034
0.500000 	0.000015 	-0.523598 	0.000034
0.500000 	0.000015 	-0.523598 	0.000034
0.500000 	0.000015 	-0.523598 	0.000034
0.500000 	0.000015 	-0.523598 	0.000034
0.500000 	0.000015 	-0.523598 	0.000034
0.500000 	0.000015 	-0.523598 	0.000034
0.500000 	0.000014 	-0.523598 	0.000034
0.500000 	0.000014 	-0.523598 	0.000034
0.500000 	0.000014 	-0.523598 	0.000034
0.500000 	0.000014 	-0.523598 	0.000034
0.500000 	0.000014 	-0.523598 	0.000034
0.500000 	0.000014 	-0.523598 	0.000034
0.500000 	0.000014 	-0.523598 	0.000034
0.500000 	0.000014 	-0.523598 	0.000034
0.500000 	0.000014 	-0.523598 	0.000034
0.500000 	0.000014 	-0.523598 	0.000034
0.500000 	0.000014 	-0.523598 	0.000034
0.500000 	0.000014 	-0.523598 	0.000033
0.500000 	0.000014 	-0.523598 	0.000033
0.500000 	0.000014 	-0.523598 	0.000033
0.500000 	0.000014 	-0.523598 	0.000033
0.500000 	0.000014 	-0.523598 	0.000033
0.500000 	0.000014 	-0.523598 	0.000033
0.500000 	0.000014 	-0.523598 	0.000033
0.500000 	0.000014 	-0.523598 	0.000033
0.500000 	0.000014 	-0.523598 	0.000033
0.500000 	0.000014 	-0.523598 	0.000033
0.500000 	0.000014 	-0.523598 	0.000033
0.500000 	0.000014 	-0.523598 	0.000033
0.500000 	0.000014 	-0.523598 	0.000033
0.500000 	0.000013 	-0.523598 	0.000033
0.500000 	0.000013 	-0.523598 	0.000033
0.500000 	0.000013 	-0.523598 	0.000033
0.500000 	0.000013 	-0.523598 	0.000033
0.500000 	0.000013 	-0.523598 	0.000033
0.500000 	0.000013 	-0.523598 	0.000033
0.500000 	0.000013 	-0.523598 	0.000033
0.500000 	0.000013 	-0.523598 	0.000033
0.500000 	0.000013 	-0.523598 	0.000032
0.500000 	0.000013 	-0.523598 	0.000032
0.500000 	0.000013 	-0.523598 	0.000032
0.500000 	0.000013 	-0.523598 	0.000032
0.500000 	0.000013 	-0.523598 	0.000032
0.500000 	0.000013 	-0.523598 	0.000032
0.500000 	0.000013 	-0.523598 	0.000032
0.500000 	0.000013 	-0.523598 	0.000032
0.500000 	0.000013 	-0.523598 	0.000032
0.500000 	0.000013 	-0.523598 	0.000032
0.500000 	0.000013 	-0.523598 	0.000032
0.500000 	0.000013 	-0.523598 	0.000032
0.500000 	0.000013 	-0.523598 	0.000032
0.500000 	0.000013 	-0.523598 	0.000032
0.500000 	0.000013 	-0.523598 	0.000032
0.500000 	0.000013 	-0.523598 	0.000032
0.500000 	0.000013 	-0.523598 	0.000032
0.500000 	0.000012 	-0.523598 	0.000032
0.500000 	0.000012 	-0.523598 	0.000032
0.500000 	0.000012 	-0.523598 	0.000032
0.500000 	0.000012 	-0.523598 	0.000031
0.500000 	0.000012 	-0.523598 	0.000031
0.500000 	0.000012 	-0.523598 	0.000031
0.500000 	0.000012 	-0.523598 	0.000031
0.500000 	0.000012 	-0.523598 	0.000031
0.500000 	0.000012 	-0.523598 	0.000031
0.500000 	0.000012 	-0.523598 	0.000031
0.500000 	0.000012 	-0.523598 	0.000031
0.500000 	0.000012 	-0.523598 	0.000031
0.500000 	0.000012 	-0.523598 	0.000031
0.500000 	0.000012 	-0.523598 	0.000031
0.500000 	0.000012 	-0.523598 	0.000031
0.500000 	0.000012 	-0.523598 	0.000031
0.500000 	0.000012 	-0.523598 	0.000031
0.500000 	0.000012 	-0.523598 	0.000031
0.500000 	0.000012 	-0.523598 	0.000031
0.500000 	0.000012 	-0.523598 	0.000031
0.500000 	0.000012 	-0.523598 	0.000031
0.500000 	0.000012 	-0.523598 	0.000031
0.500000 	0.000012 	-0.523598 	0.000031
0.500000 	0.000012 	-0.523598 	0.000031
0.500000 	0.000012 	-0.523598 	0.000031
0.500000 	0.000012 	-0.523598 	0.000030
0.500000 	0.000012 	-0.523598 	0.000030
0.500000 	0.000012 	-0.523598 	0.000030
0.500000 	0.000011 	-0.523598 	0.000030
0.500000 	0.000011 	-0.523598 	0.000030
0.500000 	0.000011 	-0.523598 	0.000030
0.500000 	0.000011 	-0.523598 	0.000030
0.500000 	0.000011 	-0.523598 	0.000030
0.500000 	0.000011 	-0.523598 	0.000030
0.500000 	0.000011 	-0.523598 	0.000030
0.500000 	0.000011 	-0.523598 	0.000030
0.500000 	0.000011 	-0.523598 	0.000030
0.500000 	0.000011 	-0.523598 	0.000030
0.500000 	0.000011 	-0.523598 	0.000030
0.500000 	0.000011 	-0.523598 	0.000030
0.500000 	0.000011 	-0.523598 	0.000030
0.500000 	0.000011 	-0.523598 	0.000030
0.500000 	0.000011 	-0.523598 	0.000030
0.500000 	0.000011 	-0.523598 	0.000030
0.500000 	0.000011 	-0.523599 	0.000030
0.500000 	0.000011 	-0.523599 	0.000030
0.500000 	0.000011 	-0.523599 	0.000030
0.500000 	0.000011 	-0.523599 	0.000029
0.500000 	0.000011 	-0.523599 	0.000029
0.500000 	0.000011 	-0.523599 	0.000029
0.500000 	0.000011 	-0.523599 	0.000029
0.500000 	0.000011 	-0.523599 	0.000029
0.500000 	0.000011 	-0.523599 	0.000029
0.500000 	0.000011 	-0.523599 	0.000029
0.500000 	0.000011 	-0.523599 	0.000029
0.500000 	0.000011 	-0.523599 	0.000029
0.500000 	0.000011 	-0.523599 	0.000029
0.500000 	0.000011 	-0.523599 	0.000029
0.500000 	0.000010 	-0.523599 	0.000029
0.500000 	0.000010 	-0.523599 	0.000029
0.500000 	0.000010 	-0.523599 	0.000029
0.500000 	0.000010 	-0.523599 	0.000029
0.500000 	0.000010 	-0.523599 	0.000029
0.500000 	0.000010 	-0.523599 	0.000029
0.500000 	0.000010 	-0.523599 	0.000029
0.500000 	0.000010 	-0.523599 	0.000029
0.500000 	0.000010 	-0.523599 	0.000029
0.500000 	0.000010 	-0.523599 	0.000029
0.500000 	0.000010 	-0.523599 	0.000029
0.500000 	0.000010 	-0.523599 	0.000028
0.500000 	0.000010 	-0.523599 	0.000028
0.500000 	0.000010 	-0.523599 	0.000028
0.500000 	0.000010 	-0.523599 	0.000028
0.500000 	0.000010 	-0.523599 	0.000028
0.500000 	0.000010 	-0.523599 	0.000028
0.500000 	0.000010 	-0.523599 	0.000028
0.500000 	0.000010 	-0.523599 	0.000028
0.500000 	0.000010 	-0.523599 	0.000028
0.500000 	0.000010 	-0.523599 	0.000028
0.500000 	0.000010 	-0.523599 	0.000028
0.500000 	0.000010 	-0.523599 	0.000028
0.500000 	0.000010 	-0.523599 	0.000028
0.500000 	0.000010 	-0.523599 	0.000028
0.500000 	0.000010 	-0.523599 	0.000028
0.500000 	0.000010 	-0.523599 	0.000028
0.500000 	0.000010 	-0.523599 	0.000028
0.500000 	0.000010 	-0.523599 	0.000028
0.500000 	0.000010 	-0.523599 	0.000028
0.500000 	0.000010 	-0.523599 	0.000028
0.500000 	0.000010 	-0.523599 	0.000028
0.500000 	0.000009 	-0.523599 	0.000028
0.500000 	0.000009 	-0.523599 	0.000028
0.500000 	0.000009 	-0.523599 	0.000028
0.500000 	0.000009 	-0.523599 	0.000027
0.500000 	0.000009 	-0.523599 	0.000027
0.500000 	0.000009 	-0.523599 	0.000027
0.500000 	0.000009 	-0.523599 	0.000027
0.500000 	0.000009 	-0.523599 	0.000027
0.500000 	0.000009 	-0.523599 	0.000027
0.500000 	0.000009 	-0.523599 	0.000027
0.500000 	0.000009 	-0.523599 	0.000027
0.500000 	0.000009 	-0.523599 	0.000027
0.500000 	0.000009 	-0.523599 	0.000027
0.500000 	0.000009 	-0.523599 	0.000027
0.500000 	0.000009 	-0.523599 	0.000027
0.500000 	0.000009 	-0.523599 	0.000027
0.500000 	0.000009 	-0.523599 	0.000027
0.500000 	0.000009 	-0.523599 	0.000027
0.500000 	0.000009 	-0.523599 	0.000027
0.500000 	0.000009 	-0.523599 	0.000027
0.500000 	0.000009 	-0.523599 	0.000027
0.500000 	0.000009 	-0.523599 	0.000027
0.500000 	0.000009 	-0.523599 	0.000027
0.500000 	0.000009 	-0.523599 	0.000027
0.500000 	0.000009 	-0.523599 	0.000027
0.500000 	0.000009 	-0.523599 	0.000027
0.500000 	0.000009 	-0.523599 	0.000027
0.500000 	0.000009 	-0.523599 	0.000026
0.500000 	0.000009 	-0.523599 	0.000026
0.500000 	0.000009 	-0.523599 	0.000026
0.500000 	0.000009 	-0.523599 	0.000026
0.500000 	0.000009 	-0.523599 	0.000026
0.500000 	0.000009 	-0.523599 	0.000026
0.500000 	0.000009 	-0.523599 	0.000026
0.500000 	0.000009 	-0.523599 	0.000026
0.500000 	0.000009 	-0.523599 	0.000026
0.500000 	0.000009 	-0.523599 	0.000026
0.500000 	0.000008 	-0.523599 	0.000026
0.500000 	0.000008 	-0.523599 	0.000026
0.500000 	0.000008 	-0.523599 	0.000026
0.500000 	0.000008 	-0.523599 	0.000026
0.500000 	0.000008 	-0.523599 	0.000026
0.500000 	0.000008 	-0.523599 	0.000026
0.500000 	0.000008 	-0.523599 	0.000026
0.500000 	0.000008 	-0.523599 	0.000026
0.500000 	0.000008 	-0.523599 	0.000026
0.500000 	0.000008 	-0.523599 	0.000026
0.500000 	0.000008 	-0.523599 	0.000026
0.500000 	0.000008 	-0.523599 	0.000026
0.500000 	0.000008 	-0.523599 	0.000026
0.500000 	0.000008 	-0.523599 	0.000026
0.500000 	0.000008 	-0.523599 	0.000026
0.500000 	0.000008 	-0.523599 	0.000026
0.500000 	0.000008 	-0.523599 	0.000025
0.500000 	0.000008 	-0.523599 	0.000025
0.500000 	0.000008 	-0.523599 	0.000025
0.500000 	0.000008 	-0.523599 	0.000025
0.500000 	0.000008 	-0.523599 	0.000025
0.500000 	0.000008 	-0.523599 	0.000025
0.500000 	0.000008 	-0.523599 	0.000025
0.500000 	0.000008 	-0.523599 	0.000025
0.500000 	0.000008 	-0.523599 	0.000025
0.500000 	0.000008 	-0.523599 	0.000025
0.500000 	0.000008 	-0.523599 	0.000025
0.500000 	0.000008 	-0.523599 	0.000025
0.500000 	0.000008 	-0.523599 	0.000025
0.500000 	0.000008 	-0.523599 	0.000025
0.500000 	0.000008 	-0.523599 	0.000025
0.500000 	0.000008 	-0.523599 	0.000025
0.500000 	0.000008 	-0.523599 	0.000025
0.500000 	0.000008 	-0.523599 	0.000025
0.500000 	0.000008 	-0.523599 	0.000025
0.500000 	0.000008 	-0.523599 	0.000025
0.500000 	0.000008 	-0.523599 	0.000025
0.500000 	0.000008 	-0.523599 	0.000025
0.500000 	0.000008 	-0.523599 	0.000025
0.500000 	0.000008 	-0.523599 	0.000025
0.500000 	0.000008 	-0.523599 	0.000025
0.500000 	0.000007 	-0.523599 	0.000025
0.500000 	0.000007 	-0.523599 	0.000024
0.500000 	0.000007 	-0.523599 	0.000024
0.500000 	0.000007 	-0.523599 	0.000024
0.500000 	0.000007 	-0.523599 	0.000024
0.500000 	0.000007 	-0.523599 	0.000024
0.500000 	0.000007 	-0.523599 	0.000024
0.500000 	0.000007 	-0.523599 	0.000024
0.500000 	0.000007 	-0.523599 	0.000024
0.500000 	0.000007 	-0.523599 	0.000024
0.500000 	0.000007 	-0.523599 	0.000024
0.500000 	0.000007 	-0.523599 	0.000024
0.500000 	0.000007 	-0.523599 	0.000024
0.500000 	0.000007 	-0.523599 	0.000024
0.500000 	0.000007 	-0.523599 	0.000024
0.500000 	0.000007 	-0.523599 	0.000024
0.500000 	0.000007 	-0.523599 	0.000024
0.500000 	0.000007 	-0.523599 	0.000024
0.500000 	0.000007 	-0.523599 	0.000024
0.500000 	0.000007 	-0.523599 	0.000024
0.500000 	0.000007 	-0.523599 	0.000024
0.500000 	0.000007 	-0.523599 	0.000024
0.500000 	0.000007 	-0.523599 	0.000024
0.500000 	0.000007 	-0.523599 	0.000024
0.500000 	0.000007 	-0.523599 	0.000024
0.500000 	0.000007 	-0.523599 	0.000024
0.500000 	0.000007 	-0.523599 	0.000024
0.500000 	0.000007 	-0.523599 	0.000024
0.500000 	0.000007 	-0.523599 	0.000024
0.500000 	0.000007 	-0.523599 	0.000023
0.500000 	0.000007 	-0.523599 	0.000023
0.500000 	0.000007 	-0.523599 	0.000023
0.500000 	0.000007 	-0.523599 	0.000023
0.500000 	0.000007 	-0.523599 	0.000023
0.500000 	0.000007 	-0.523599 	0.000023
0.500000 	0.000007 	-0.523599 	0.000023
0.500000 	0.000007 	-0.523599 	0.000023
0.500000 	0.000007 	-0.523599 	0.000023
0.500000 	0.000007 	-0.523599 	0.000023
0.500000 	0.000007 	-0.523599 	0.000023
0.500000 	0.000007 	-0.523599 	0.000023
0.500000 	0.000007 	-0.523599 	0.000023
0.500000 	0.000007 	-0.523599 	0.000023
0.500000 	0.000007 	-0.523599 	0.000023
0.500000 	0.000007 	-0.523599 	0.000023
0.500000 	0.000007 	-0.523599 	0.000023
0.500000 	0.000007 	-0.523599 	0.000023
0.500000 	0.000006 	-0.523599 	0.000023
0.500000 	0.000006 	-0.523599 	0.000023
0.500000 	0.000006 	-0.523599 	0.000023
0.500000 	0.000006 	-0.523599 	0.000023
0.500000 	0.000006 	-0.523599 	0.000023
0.500000 	0.000006 	-0.523599 	0.000023
0.500000 	0.000006 	-0.523599 	0.000023
0.500000 	0.000006 	-0.523599 	0.000023
0.500000 	0.000006 	-0.523599 	0.000023
0.500000 	0.000006 	-0.523599 	0.000023
0.500000 	0.000006 	-0.523599 	0.000022
0.500000 	0.000006 	-0.523599 	0.000022
0.500000 	0.000006 	-0.523599 	0.000022
0.500000 	0.000006 	-0.523599 	0.000022
0.500000 	0.000006 	-0.523599 	0.000022
0.500000 	0.000006 	-0.523599 	0.000022
0.500000 	0.000006 	-0.523599 	0.000022
0.500000 	0.000006 	-0.523599 	0.000022
0.500000 	0.000006 	-0.523599 	0.000022
0.500000 	0.000006 	-0.523599 	0.000022
0.500000 	0.000006 	-0.523599 	0.000022
0.500000 	0.000006 	-0.523599 	0.000022
0.500000 	0.000006 	-0.523599 	0.000022
0.500000 	0.000006 	-0.523599 	0.000022
0.500000 	0.000006 	-0.523599 	0.000022
0.500000 	0.000006 	-0.523599 	0.000022
0.500000 	0.000006 	-0.523599 	0.000022
0.500000 	0.000006 	-0.523599 	0.000022
0.500000 	0.000006 	-0.523599 	0.000022
0.500000 	0.000006 	-0.523599 	0.000022
0.500000 	0.000006 	-0.523599 	0.000022
0.500000 	0.000006 	-0.523599 	0.000022
0.500000 	0.000006 	-0.523599 	0.000022
0.500000 	0.000006 	-0.523599 	0.000022
0.500000 	0.000006 	-0.523599 	0.000022
0.500000 	0.000006 	-0.523599 	0.000022
0.500000 	0.000006 	-0.523599 	0.000022
0.500000 	0.000006 	-0.523599 	0.000022
0.500000 	0.000006 	-0.523599 	0.000022
0.500000 	0.000006 	-0.523599 	0.000022
0.500000 	0.000006 	-0.523599 	0.000021
0.500000 	0.000006 	-0.523599 	0.000021
0.500000 	0.000006 	-0.523599 	0.000021
0.500000 	0.000006 	-0.523599 	0.000021
0.500000 	0.000006 	-0.523599 	0.000021
0.500000 	0.000006 	-0.523599 	0.000021
0.500000 	0.000006 	-0.523599 	0.000021
0.500000 	0.000006 	-0.523599 	0.000021
0.500000 	0.000006 	-0.523599 	0.000021
0.500000 	0.000006 	-0.523599 	0.000021
0.500000 	0.000006 	-0.523599 	0.000021
0.500000 	0.000006 	-0.523599 	0.000021
0.500000 	0.000006 	-0.523599 	0.000021
0.500000 	0.000006 	-0.523599 	0.000021
0.500000 	0.000006 	-0.523599 	0.000021
0.500000 	0.000005 	-0.523599 	0.000021
0.500000 	0.000005 	-0.523599 	0.000021
0.500000 	0.000005 	-0.523599 	0.000021
0.500000 	0.000005 	-0.523599 	0.000021
0.500000 	0.000005 	-0.523599 	0.000021
0.500000 	0.000005 	-0.523599 	0.000021
0.500000 	0.000005 	-0.523599 	0.000021
0.500000 	0.000005 	-0.523599 	0.000021
0.500000 	0.000005 	-0.523599 	0.000021
0.500000 	0.000005 	-0.523599 	0.000021
0.500000 	0.000005 	-0.523599 	0.000021
0.500000 	0.000005 	-0.523599 	0.000021
0.500000 	0.000005 	-0.523599 	0.000021
0.500000 	0.000005 	-0.523599 	0.000021
0.500000 	0.000005 	-0.523599 	0.000021
0.500000 	0.000005 	-0.523599 	0.000021
0.500000 	0.000005 	-0.523599 	0.000020
0.500000 	0.000005 	-0.523599 	0.000020
0.500000 	0.000005 	-0.523599 	0.000020
0.500000 	0.000005 	-0.523599 	0.000020
0.500000 	0.000005 	-0.523599 	0.000020
0.500000 	0.000005 	-0.523599 	0.000020
0.500000 	0.000005 	-0.523599 	0.000020
0.500000 	0.000005 	-0.523599 	0.000020
0.500000 	0.000005 	-0.523599 	0.000020
0.500000 	0.000005 	-0.523599 	0.000020
0.500000 	0.000005 	-0.523599 	0.000020
0.500000 	0.000005 	-0.523599 	0.000020
0.500000 	0.000005 	-0.523599 	0.000020
0.500000 	0.000005 	-0.523599 	0.000020
0.500000 	0.000005 	-0.523599 	0.000020
0.500000 	0.000005 	-0.523599 	0.000020
0.500000 	0.000005 	-0.523599 	0.000020
0.500000 	0.000005 	-0.523599 	0.000020
0.500000 	0.000005 	-0.523599 	0.000020
0.500000 	0.000005 	-0.523599 	0.000020
0.500000 	0.000005 	-0.523599 	0.000020
0.500000 	0.000005 	-0.523599 	0.000020
0.500000 	0.000005 	-0.523599 	0.000020
0.500000 	0.000005 	-0.523599 	0.000020
0.500000 	0.000005 	-0.523599 	0.000020
0.500000 	0.000005 	-0.523599 	0.000020
0.500000 	0.000005 	-0.523599 	0.000020
0.500000 	0.000005 	-0.523599 	0.000020
0.500000 	0.000005 	-0.523599 	0.000020
0.500000 	0.000005 	-0.523599 	0.000020
0.500000 	0.000005 	-0.523599 	0.000020
0.500000 	0.000005 	-0.523599 	0.000020
0.500000 	0.000005 	-0.523599 	0.000020
0.500000 	0.000005 	-0.523599 	0.000019
0.500000 	0.000005 	-0.523599 	0.000019
0.500000 	0.000005 	-0.523599 	0.000019
0.500000 	0.000005 	-0.523599 	0.000019
0.500000 	0.000005 	-0.523599 	0.000019
0.500000 	0.000005 	-0.523599 	0.000019
0.500000 	0.000005 	-0.523599 	0.000019
0.500000 	0.000005 	-0.523599 	0.000019
0.500000 	0.000005 	-0.523599 	0.000019
0.500000 	0.000005 	-0.523599 	0.000019
0.500000 	0.000005 	-0.523599 	0.000019
0.500000 	0.000005 	-0.523599 	0.000019
0.500000 	0.000005 	-0.523599 	0.000019
0.500000 	0.000005 	-0.523599 	0.000019
0.500000 	0.000005 	-0.523599 	0.000019
0.500000 	0.000005 	-0.523599 	0.000019
0.500000 	0.000005 	-0.523599 	0.000019
0.500000 	0.000004 	-0.523599 	0.000019
0.500000 	0.000004 	-0.523599 	0.000019
0.500000 	0.000004 	-0.523599 	0.000019
0.500000 	0.000004 	-0.523599 	0.000019
0.500000 	0.000004 	-0.523599 	0.000019
0.500000 	0.000004 	-0.523599 	0.000019
0.500000 	0.000004 	-0.523599 	0.000019
0.500000 	0.000004 	-0.523599 	0.000019
0.500000 	0.000004 	-0.523599 	0.000019
0.500000 	0.000004 	-0.523599 	0.000019
0.500000 	0.000004 	-0.523599 	0.000019
0.500000 	0.000004 	-0.523599 	0.000019
0.500000 	0.000004 	-0.523599 	0.000019
0.500000 	0.000004 	-0.523599 	0.000019
0.500000 	0.000004 	-0.523599 	0.000019
0.500000 	0.000004 	-0.523599 	0.000019
0.500000 	0.000004 	-0.523599 	0.000019
0.500000 	0.000004 	-0.523599 	0.000019
0.500000 	0.000004 	-0.523599 	0.000018
0.500000 	0.000004 	-0.523599 	0.000018
0.500000 	0.000004 	-0.523599 	0.000018
0.500000 	0.000004 	-0.523599 	0.000018
0.500000 	0.000004 	-0.523599 	0.000018
0.500000 	0.000004 	-0.523599 	0.000018
0.500000 	0.000004 	-0.523599 	0.000018
0.500000 	0.000004 	-0.523599 	0.000018
0.500000 	0.000004 	-0.523599 	0.000018
0.500000 	0.000004 	-0.523599 	0.000018
0.500000 	0.000004 	-0.523599 	0.000018
0.500000 	0.000004 	-0.523599 	0.000018
0.500000 	0.000004 	-0.523599 	0.000018
0.500000 	0.000004 	-0.523599 	0.000018
0.500000 	0.000004 	-0.523599 	0.000018
0.500000 	0.000004 	-0.523599 	0.000018
0.500000 	0.000004 	-0.523599 	0.000018
0.500000 	0.000004 	-0.523599 	0.000018
0.500000 	0.000004 	-0.523599 	0.000018
0.500000 	0.000004 	-0.523599 	0.000018
0.500000 	0.000004 	-0.523599 	0.000018
0.500000 	0.000004 	-0.523599 	0.000018
0.500000 	0.000004 	-0.523599 	0.000018
0.500000 	0.000004 	-0.523599 	0.000018
0.500000 	0.000004 	-0.523599 	0.000018
0.500000 	0.000004 	-0.523599 	0.000018
0.500000 	0.000004 	-0.523599 	0.000018
0.500000 	0.000004 	-0.523599 	0.000018
0.500000 	0.000004 	-0.523599 	0.000018
0.500000 	0.000004 	-0.523599 	0.000018
0.500000 	0.000004 	-0.523599 	0.000018
0.500000 	0.000004 	-0.523599 	0.000018
0.500000 	0.000004 	-0.523599 	0.000018
0.500000 	0.000004 	-0.523599 	0.000018
0.500000 	0.000004 	-0.523599 	0.000018
0.500000 	0.000004 	-0.523599 	0.000018
0.500000 	0.000004 	-0.523599 	0.000017
0.500000 	0.000004 	-0.523599 	0.000017
0.500000 	0.000004 	-0.523599 	0.000017
0.500000 	0.000004 	-0.523599 	0.000017
0.500000 	0.000004 	-0.523599 	0.000017
0.500000 	0.000004 	-0.523599 	0.000017
0.500000 	0.000004 	-0.523599 	0.000017
0.500000 	0.000004 	-0.523599 	0.000017
0.500000 	0.000004 	-0.523599 	0.000017
0.500000 	0.000004 	-0.523599 	0.000017
0.500000 	0.000004 	-0.523599 	0.000017
0.500000 	0.000004 	-0.523599 	0.000017
0.500000 	0.000004 	-0.523599 	0.000017
0.500000 	0.000004 	-0.523599 	0.000017
0.500000 	0.000004 	-0.523599 	0.000017
0.500000 	0.000004 	-0.523599 	0.000017
0.500000 	0.000004 	-0.523599 	0.000017
0.500000 	0.000004 	-0.523599 	0.000017
0.500000 	0.000004 	-0.523599 	0.000017
0.500000 	0.000004 	-0.523599 	0.000017
0.500000 	0.000004 	-0.523599 	0.000017
0.500000 	0.000004 	-0.523599 	0.000017
0.500000 	0.000004 	-0.523599 	0.000017
0.500000 	0.000004 	-0.523599 	0.000017
0.500000 	0.000004 	-0.523599 	0.000017
0.500000 	0.000004 	-0.523599 	0.000017
0.500000 	0.000004 	-0.523599 	0.000017
0.500000 	0.000004 	-0.523599 	0.000017
0.500000 	0.000003 	-0.523599 	0.000017
0.500000 	0.000003 	-0.523599 	0.000017
0.500000 	0.000003 	-0.523599 	0.000017
0.500000 	0.000003 	-0.523599 	0.000017
0.500000 	0.000003 	-0.523599 	0.000017
0.500000 	0.000003 	-0.523599 	0.000017
0.500000 	0.000003 	-0.523599 	0.000017
0.500000 	0.000003 	-0.523599 	0.000017
0.500000 	0.000003 	-0.523599 	0.000017
0.500000 	0.000003 	-0.523599 	0.000017
0.500000 	0.000003 	-0.523599 	0.000017
0.500000 	0.000003 	-0.523599 	0.000016
0.500000 	0.000003 	-0.523599 	0.000016
0.500000 	0.000003 	-0.523599 	0.000016
0.500000 	0.000003 	-0.523599 	0.000016
0.500000 	0.000003 	-0.523599 	0.000016
0.500000 	0.000003 	-0.523599 	0.000016
0.500000 	0.000003 	-0.523599 	0.000016
0.500000 	0.000003 	-0.523599 	0.000016
0.500000 	0.000003 	-0.523599 	0.000016
0.500000 	0.000003 	-0.523599 	0.000016
0.500000 	0.000003 	-0.523599 	0.000016
0.500000 	0.000003 	-0.523599 	0.000016
0.500000 	0.000003 	-0.523599 	0.000016
0.500000 	0.000003 	-0.523599 	0.000016
0.500000 	0.000003 	-0.523599 	0.000016
0.500000 	0.000003 	-0.523599 	0.000016
0.500000 	0.000003 	-0.523599 	0.000016
0.500000 	0.000003 	-0.523599 	0.000016
0.500000 	0.000003 	-0.523599 	0.000016
0.500000 	0.000003 	-0.523599 	0.000016
0.500000 	0.000003 	-0.523599 	0.000016
0.500000 	0.000003 	-0.523599 	0.000016
0.500000 	0.000003 	-0.523599 	0.000016
0.500000 	0.000003 	-0.523599 	0.000016
0.500000 	0.000003 	-0.523599 	0.000016
0.500000 	0.000003 	-0.523599 	0.000016
0.500000 	0.000003 	-0.523599 	0.000016
0.500000 	0.000003 	-0.523599 	0.000016
0.500000 	0.000003 	-0.523599 	0.000016
0.500000 	0.000003 	-0.523599 	0.000016
0.500000 	0.000003 	-0.523599 	0.000016
0.500000 	0.000003 	-0.523599 	0.000016
0.500000 	0.000003 	-0.523599 	0.000016
0.500000 	0.000003 	-0.523599 	0.000016
0.500000 	0.000003 	-0.523599 	0.000016
0.500000 	0.000003 	-0.523599 	0.000016
0.500000 	0.000003 	-0.523599 	0.000016
0.500000 	0.000003 	-0.523599 	0.000016
0.500000 	0.000003 	-0.523599 	0.000016
0.500000 	0.000003 	-0.523599 	0.000016
0.500000 	0.000003 	-0.523599 	0.000016
0.500000 	0.000003 	-0.523599 	0.000015
0.500000 	0.000003 	-0.523599 	0.000015
0.500000 	0.000003 	-0.523599 	0.000015
0.500000 	0.000003 	-0.523599 	0.000015
0.500000 	0.000003 	-0.523599 	0.000015
0.500000 	0.000003 	-0.523599 	0.000015
0.500000 	0.000003 	-0.523599 	0.000015
0.500000 	0.000003 	-0.523599 	0.000015
0.500000 	0.000003 	-0.523599 	0.000015
0.500000 	0.000003 	-0.523599 	0.000015
0.500000 	0.000003 	-0.523599 	0.000015
0.500000 	0.000003 	-0.523599 	0.000015
0.500000 	0.000003 	-0.523599 	0.000015
0.500000 	0.000003 	-0.523599 	0.000015
0.500000 	0.000003 	-0.523599 	0.000015
0.500000 	0.000003 	-0.523599 	0.000015
0.500000 	0.000003 	-0.523599 	0.000015
0.500000 	0.000003 	-0.523599 	0.000015
0.500000 	0.000003 	-0.523599 	0.000015
0.500000 	0.000003 	-0.523599 	0.000015
0.500000 	0.000003 	-0.523599 	0.000015
0.500000 	0.000003 	-0.523599 	0.000015
0.500000 	0.000003 	-0.523599 	0.000015
0.500000 	0.000003 	-0.523599 	0.000015
0.500000 	0.000003 	-0.523599 	0.000015
0.500000 	0.000003 	-0.523599 	0.000015
0.500000 	0.000003 	-0.523599 	0.000015
0.500000 	0.000003 	-0.523599 	0.000015
0.500000 	0.000003 	-0.523599 	0.000015
0.500000 	0.000003 	-0.523599 	0.000015
0.500000 	0.000003 	-0.523599 	0.000015
0.500000 	0.000003 	-0.523599 	0.000015
0.500000 	0.000003 	-0.523599 	0.000015
0.500000 	0.000003 	-0.523599 	0.000015
0.500000 	0.000003 	-0.523599 	0.000015
0.500000 	0.000003 	-0.523599 	0.000015
0.500000 	0.000003 	-0.523599 	0.000015
0.500000 	0.000003 	-0.523599 	0.000015
0.500000 	0.000003 	-0.523599 	0.000015
0.500000 	0.000003 	-0.523599 	0.000015
0.500000 	0.000003 	-0.523599 	0.000015
0.500000 	0.000003 	-0.523599 	0.000015
0.500000 	0.000003 	-0.523599 	0.000015
0.500000 	0.000003 	-0.523599 	0.000015
0.500000 	0.000003 	-0.523599 	0.000014
0.500000 	0.000003 	-0.523599 	0.000014
0.500000 	0.000003 	-0.523599 	0.000014
0.500000 	0.000003 	-0.523599 	0.000014
0.500000 	0.000003 	-0.523599 	0.000014
0.500000 	0.000003 	-0.523599 	0.000014
0.500000 	0.000003 	-0.523599 	0.000014
0.500000 	0.000003 	-0.523599 	0.000014
0.500000 	0.000003 	-0.523599 	0.000014
0.500000 	0.000003 	-0.523599 	0.000014
0.500000 	0.000003 	-0.523599 	0.000014
0.500000 	0.000003 	-0.523599 	0.000014
0.500000 	0.000003 	-0.523599 	0.000014
0.500000 	0.000003 	-0.523599 	0.000014
0.500000 	0.000003 	-0.523599 	0.000014
0.500000 	0.000002 	-0.523599 	0.000014
0.500000 	0.000002 	-0.523599 	0.000014
0.500000 	0.000002 	-0.523599 	0.000014
0.500000 	0.000002 	-0.523599 	0.000014
0.500000 	0.000002 	-0.523599 	0.000014
0.500000 	0.000002 	-0.523599 	0.000014
0.500000 	0.000002 	-0.523599 	0.000014
0.500000 	0.000002 	-0.523599 	0.000014
0.500000 	0.000002 	-0.523599 	0.000014
0.500000 	0.000002 	-0.523599 	0.000014
0.500000 	0.000002 	-0.523599 	0.000014
0.500000 	0.000002 	-0.523599 	0.000014
0.500000 	0.000002 	-0.523599 	0.000014
0.500000 	0.000002 	-0.523599 	0.000014
0.500000 	0.000002 	-0.523599 	0.000014
0.500000 	0.000002 	-0.523599 	0.000014
0.500000 	0.000002 	-0.523599 	0.000014
0.500000 	0.000002 	-0.523599 	0.000014
0.500000 	0.000002 	-0.523599 	0.000014
0.500000 	0.000002 	-0.523599 	0.000014
0.500000 	0.000002 	-0.523599 	0.000014
0.500000 	0.000002 	-0.523599 	0.000014
0.500000 	0.000002 	-0.523599 	0.000014
0.500000 	0.000002 	-0.523599 	0.000014
0.500000 	0.000002 	-0.523599 	0.000014
0.500000 	0.000002 	-0.523599 	0.000014
0.500000 	0.000002 	-0.523599 	0.000014
0.500000 	0.000002 	-0.523599 	0.000014
0.500000 	0.000002 	-0.523599 	0.000014
0.500000 	0.000002 	-0.523599 	0.000014
0.500000 	0.000002 	-0.523599 	0.000014
0.500000 	0.000002 	-0.523599 	0.000014
0.500000 	0.000002 	-0.523599 	0.000013
0.500000 	0.000002 	-0.523599 	0.000013
0.500000 	0.000002 	-0.523599 	0.000013
0.500000 	0.000002 	-0.523599 	0.000013
0.500000 	0.000002 	-0.523599 	0.000013
0.500000 	0.000002 	-0.523599 	0.000013
0.500000 	0.000002 	-0.523599 	0.000013
0.500000 	0.000002 	-0.523599 	0.000013
0.500000 	0.000002 	-0.523599 	0.000013
0.500000 	0.000002 	-0.523599 	0.000013
0.500000 	0.000002 	-0.523599 	0.000013
0.500000 	0.000002 	-0.523599 	0.000013
0.500000 	0.000002 	-0.523599 	0.000013
0.500000 	0.000002 	-0.523599 	0.000013
0.500000 	0.000002 	-0.523599 	0.000013
0.500000 	0.000002 	-0.523599 	0.000013
0.500000 	0.000002 	-0.523599 	0.000013
0.500000 	0.000002 	-0.523599 	0.000013
0.500000 	0.000002 	-0.523599 	0.000013
0.500000 	0.000002 	-0.523599 	0.000013
0.500000 	0.000002 	-0.523599 	0.000013
0.500000 	0.000002 	-0.523599 	0.000013
0.500000 	0.000002 	-0.523599 	0.000013
0.500000 	0.000002 	-0.523599 	0.000013
0.500000 	0.000002 	-0.523599 	0.000013
0.500000 	0.000002 	-0.523599 	0.000013
0.500000 	0.000002 	-0.523599 	0.000013
0.500000 	0.000002 	-0.523599 	0.000013
0.500000 	0.000002 	-0.523599 	0.000013
0.500000 	0.000002 	-0.523599 	0.000013
0.500000 	0.000002 	-0.523599 	0.000013
0.500000 	0.000002 	-0.523599 	0.000013
0.500000 	0.000002 	-0.523599 	0.000013
0.500000 	0.000002 	-0.523599 	0.000013
0.500000 	0.000002 	-0.523599 	0.000013
0.500000 	0.000002 	-0.523599 	0.000013
0.500000 	0.000002 	-0.523599 	0.000013
0.500000 	0.000002 	-0.523599 	0.000013
0.500000 	0.000002 	-0.523599 	0.000013
0.500000 	0.000002 	-0.523599 	0.000013
0.500000 	0.000002 	-0.523599 	0.000013
0.500000 	0.000002 	-0.523599 	0.000013
0.500000 	0.000002 	-0.523599 	0.000013
0.500000 	0.000002 	-0.523599 	0.000013
0.500000 	0.000002 	-0.523599 	0.000013
0.500000 	0.000002 	-0.523599 	0.000013
0.500000 	0.000002 	-0.523599 	0.000013
0.500000 	0.000002 	-0.523599 	0.000013
0.500000 	0.000002 	-0.523599 	0.000013
0.500000 	0.000002 	-0.523599 	0.000013
0.500000 	0.000002 	-0.523599 	0.000012
0.500000 	0.000002 	-0.523599 	0.000012
0.500000 	0.000002 	-0.523599 	0.000012
0.500000 	0.000002 	-0.523599 	0.000012
0.500000 	0.000002 	-0.523599 	0.000012
0.500000 	0.000002 	-0.523599 	0.000012
0.500000 	0.000002 	-0.523599 	0.000012
0.500000 	0.000002 	-0.523599 	0.000012
0.500000 	0.000002 	-0.523599 	0.000012
0.500000 	0.000002 	-0.523599 	0.000012
0.500000 	0.000002 	-0.523599 	0.000012
0.500000 	0.000002 	-0.523599 	0.000012
0.500000 	0.000002 	-0.523599 	0.000012
0.500000 	0.000002 	-0.523599 	0.000012
0.500000 	0.000002 	-0.523599 	0.000012
0.500000 	0.000002 	-0.523599 	0.000012
0.500000 	0.000002 	-0.523599 	0.000012
0.500000 	0.000002 	-0.523599 	0.000012
0.500000 	0.000002 	-0.523599 	0.000012
0.500000 	0.000002 	-0.523599 	0.000012
0.500000 	0.000002 	-0.523599 	0.000012
0.500000 	0.000002 	-0.523599 	0.000012
0.500000 	0.000002 	-0.523599 	0.000012
0.500000 	0.000002 	-0.523599 	0.000012
0.500000 	0.000002 	-0.523599 	0.000012
0.500000 	0.000002 	-0.523599 	0.000012
0.500000 	0.000002 	-0.523599 	0.000012
0.500000 	0.000002 	-0.523599 	0.000012
0.500000 	0.000002 	-0.523599 	0.000012
0.500000 	0.000002 	-0.523599 	0.000012
0.500000 	0.000002 	-0.523599 	0.000012
0.500000 	0.000002 	-0.523599 	0.000012
0.500000 	0.000002 	-0.523599 	0.000012
0.500000 	0.000002 	-0.523599 	0.000012
0.500000 	0.000002 	-0.523599 	0.000012
0.500000 	0.000002 	-0.523599 	0.000012
0.500000 	0.000002 	-0.523599 	0.000012
0.500000 	0.000002 	-0.523599 	0.000012
0.500000 	0.000002 	-0.523599 	0.000012
0.500000 	0.000002 	-0.523599 	0.000012
0.500000 	0.000002 	-0.523599 	0.000012
0.500000 	0.000002 	-0.523599 	0.000012
0.500000 	0.000002 	-0.523599 	0.000012
0.500000 	0.000002 	-0.523599 	0.000012
0.500000 	0.000002 	-0.523599 	0.000012
0.500000 	0.000002 	-0.523599 	0.000012
0.500000 	0.000002 	-0.523599 	0.000012
0.500000 	0.000002 	-0.523599 	0.000012
0.500000 	0.000002 	-0.523599 	0.000012
0.500000 	0.000002 	-0.523599 	0.000012
0.500000 	0.000002 	-0.523599 	0.000012
0.500000 	0.000002 	-0.523599 	0.000012
0.500000 	0.000002 	-0.523599 	0.000012
0.500000 	0.000002 	-0.523599 	0.000012
0.500000 	0.000002 	-0.523599 	0.000012
0.500000 	0.000002 	-0.523599 	0.000011
0.500000 	0.000002 	-0.523599 	0.000011
0.500000 	0.000002 	-0.523599 	0.000011
0.500000 	0.000002 	-0.523599 	0.000011
0.500000 	0.000002 	-0.523599 	0.000011
0.500000 	0.000002 	-0.523599 	0.000011
0.500000 	0.000002 	-0.523599 	0.000011
0.500000 	0.000002 	-0.523599 	0.000011
0.500000 	0.000002 	-0.523599 	0.000011
0.500000 	0.000002 	-0.523599 	0.000011
0.500000 	0.000002 	-0.523599 	0.000011
0.500000 	0.000002 	-0.523599 	0.000011
0.500000 	0.000002 	-0.523599 	0.000011
0.500000 	0.000002 	-0.523599 	0.000011
0.500000 	0.000002 	-0.523599 	0.000011
0.500000 	0.000002 	-0.523599 	0.000011
0.500000 	0.000002 	-0.523599 	0.000011
0.500000 	0.000002 	-0.523599 	0.000011
0.500000 	0.000002 	-0.523599 	0.000011
0.500000 	0.000002 	-0.523599 	0.000011
0.500000 	0.000002 	-0.523599 	0.000011
0.500000 	0.000002 	-0.523599 	0.000011
0.500000 	0.000002 	-0.523599 	0.000011
0.500000 	0.000002 	-0.523599 	0.000011
0.500000 	0.000002 	-0.523599 	0.000011
0.500000 	0.000002 	-0.523599 	0.000011
0.500000 	0.000002 	-0.523599 	0.000011
0.500000 	0.000002 	-0.523599 	0.000011
0.500000 	0.000002 	-0.523599 	0.000011
0.500000 	0.000002 	-0.523599 	0.000011
0.500000 	0.000001 	-0.523599 	0.000011
0.500000 	0.000001 	-0.523599 	0.000011
0.500000 	0.000001 	-0.523599 	0.000011
0.500000 	0.000001 	-0.523599 	0.000011
0.500000 	0.000001 	-0.523599 	0.000011
0.500000 	0.000001 	-0.523599 	0.000011
0.500000 	0.000001 	-0.523599 	0.000011
0.500000 	0.000001 	-0.523599 	0.000011
0.500000 	0.000001 	-0.523599 	0.000011
0.500000 	0.000001 	-0.523599 	0.000011
0.500000 	0.000001 	-0.523599 	0.000011
0.500000 	0.000001 	-0.523599 	0.000011
0.500000 	0.000001 	-0.523599 	0.000011
0.500000 	0.000001 	-0.523599 	0.000011
0.500000 	0.000001 	-0.523599 	0.000011
0.500000 	0.000001 	-0.523599 	0.000011
0.500000 	0.000001 	-0.523599 	0.000011
0.500000 	0.000001 	-0.523599 	0.000011
0.500000 	0.000001 	-0.523599 	0.000011
0.500000 	0.000001 	-0.523599 	0.000011
0.500000 	0.000001 	-0.523599 	0.000011
0.500000 	0.000001 	-0.523599 	0.000011
0.500000 	0.000001 	-0.523599 	0.000011
0.500000 	0.000001 	-0.523599 	0.000011
0.500000 	0.000001 	-0.523599 	0.000011
0.500000 	0.000001 	-0.523599 	0.000011
0.500000 	0.000001 	-0.523599 	0.000011
0.500000 	0.000001 	-0.523599 	0.000011
0.500000 	0.000001 	-0.523599 	0.000011
0.500000 	0.000001 	-0.523599 	0.000011
0.500000 	0.000001 	-0.523599 	0.000010
0.500000 	0.000001 	-0.523599 	0.000010
0.500000 	0.000001 	-0.523599 	0.000010
0.500000 	0.000001 	-0.523599 	0.000010
0.500000 	0.000001 	-0.523599 	0.000010
0.500000 	0.000001 	-0.523599 	0.000010
0.500000 	0.000001 	-0.523599 	0.000010
0.500000 	0.000001 	-0.523599 	0.000010
0.500000 	0.000001 	-0.523599 	0.000010
0.500000 	0.000001 	-0.523599 	0.000010
0.500000 	0.000001 	-0.523599 	0.000010
0.500000 	0.000001 	-0.523599 	0.000010
0.500000 	0.000001 	-0.523599 	0.000010
0.500000 	0.000001 	-0.523599 	0.000010
0.500000 	0.000001 	-0.523599 	0.000010
0.500000 	0.000001 	-0.523599 	0.000010
0.500000 	0.000001 	-0.523599 	0.000010
0.500000 	0.000001 	-0.523599 	0.000010
0.500000 	0.000001 	-0.523599 	0.000010
0.500000 	0.000001 	-0.523599 	0.000010
0.500000 	0.000001 	-0.523599 	0.000010
0.500000 	0.000001 	-0.523599 	0.000010
0.500000 	0.000001 	-0.523599 	0.000010
0.500000 	0.000001 	-0.523599 	0.000010
0.500000 	0.000001 	-0.523599 	0.000010
0.500000 	0.000001 	-0.523599 	0.000010
0.500000 	0.000001 	-0.523599 	0.000010
0.500000 	0.000001 	-0.523599 	0.000010
0.500000 	0.000001 	-0.523599 	0.000010
0.500000 	0.000001 	-0.523599 	0.000010
0.500000 	0.000001 	-0.523599 	0.000010
0.500000 	0.000001 	-0.523599 	0.000010
0.500000 	0.000001 	-0.523599 	0.000010
